0.42100520791381146
0.2124503864054394
-0.17861738245842504
-0.1908115155284971
0.09281231445988626
0.16058213919922826
-0.05083539824394259
-0.13409044027839018
0.02853129650235642
0.11288399642533437
-0.01624029867810755
-0.09635529667093941
0.009329341315487757
0.08353117119272682
-0.005393986942502712
-0.07352515363941567
0.00313362323969599
0.06563194559713235
-0.0018272006367236605
-0.05931914739685675
0.0010685609299709705
0.05419393157065887
-0.0006263958161076172
-0.049968961774013436
0.00036792423521808014
0.046434232527055475
-0.00021646763710392596
-0.043435622185240594
0.00012754019989761074
0.04085917910835848
-0.00007523790867171304
-0.03861983214514644
0.00004443179139789374
0.03665335565949209
-0.00002626410374697991
-0.034910669215210396
0.000015538053319873876
0.03335378990380639
-9.19934532129577e-6
-0.031952947162639876
5.450175407589803e-6
0.03068451385240269
-3.2309408946886803e-6
-0.02952951129095047
1.9164087859004417e-6
0.028472519390630807
-1.13727827922019e-6
-0.02750087432086149
6.752215667809183e-7
0.026604071675990933
-4.010611488863217e-7
-0.025773317719324645
2.383116426382472e-7
0.02500118828000938
-1.4165684517871114e-7
-0.024281366664113273
8.423181272138533e-8
0.023608440138017623
-5.010151153843126e-8
-0.022977740272181763
2.980934679402063e-8
0.022385216463365085
-1.774078295543037e-8
-0.02182733480766016
1.0560982446819503e-8
0.02130099653381921
-6.28840177660368e-9
-0.020803471672285093
3.745195363875237e-9
0.020332344699354694
-2.2310086434795723e-9
-0.019885469675076775
1.329276813302857e-9
0.01946093296922325
-7.921587979196153e-10
-0.01905702209893248
4.721579819002258e-10
0.01867219952453126
-2.8147293880162103e-10
-0.018305080495076332
1.6782492047128852e-10
0.017954414222675432
-1.0007907523758437e-10
-0.01761906780933203
5.968894972871691e-11
0.01729801246256701
-3.560454374311269e-11
-0.016990311624217467
2.1241000319135594e-11
0.016695110706365788
-1.267359908086399e-11
-0.016411628183603807
7.562719578977331e-12
0.01613914783501028
-4.513430872177177e-12
-0.015877011964749648
2.6939171288775253e-12
0.015624615458941785
-1.6080824467527084e-12
-0.015381400559828944
9.600130994103725e-13
0.015146852257376745
-5.731773370637535e-13
-0.014920494214145204
3.4224901233980117e-13
0.014701885152221839
-2.0437848278073666e-13
-0.0144906156417485
1.2205805137914058e-13
0.014286305239512465
-7.290118521607909e-14
-0.014088599933542483
4.3545002268191994e-14
0.013897169855916353
-2.6012156842927173e-14
-0.013711707231262072
1.5539875673489477e-14
0.013531924532891
-9.284333185309544e-15
-0.01335755282227849
5.547340519781968e-15
0.013188340250819334
-3.3147352425683283e-15
-0.013024050705524348
1.980805390878658e-15
0.012864462582667624
-1.1837576363509846e-15
-0.012709367675403416
7.074747097668099e-16
0.012558570163100729
-4.2284904009973996e-16
-0.01241188569163395
2.527465764723013e-16
0.012269140535157024
-1.5108103569010956e-16
-0.012130170831005278
9.031473953773345e-17
0.011994821880339592
-5.3992150355905486e-17
-0.011862947507992098
3.227938540470167e-17
0.011734409475709796
-1.929931487035835e-17
-0.01160907694363719
1.1539311969147968e-17
0.01148682597544356
-6.8998355259596156e-18
-0.011367539082996592
4.1258914570702836e-18
0.011251104806920188
-2.4672692923213583e-18
-0.0111374173297588
1.4754839292647613e-18
0.011026376118809978
-8.824113569018546e-19
-0.010917885595987184
5.277471410096799e-19
0.010811854832340873
-3.156446425102479e-19
-0.01070819726510199
1.8879402416012745e-19
0.010606830435321898
-1.129262547263138e-19
-0.010507675744369583
6.754886455790239e-20
0.01041065822771369
-4.040705806784296e-20
-0.010315706344565741
2.417197168491276e-20
0.01022275178209387
-1.4460463675115696e-20
-0.010131729273035892
8.651019699639726e-21
0.010042576425647072
-5.175674776384225e-21
-0.009955233565014283
3.0965701256928613e-21
0.0098696435848544
-1.852715786369561e-21
-0.009785751808992658
1.108537311529272e-21
0.009703505861786631
-6.63292610721975e-22
-0.009622855546824955
3.968926377144788e-22
0.00954375273328689
-2.3749457047639017e-22
-0.009466151249400775
1.421172562797704e-22
0.00939000678248602
-8.504566206303576e-23
-0.009315276785106073
5.089433991294526e-23
0.0092419203868981
-3.04577996771736e-23
-0.009169898311680406
1.8228001109874864e-23
0.009099172799470331
-1.0909147522643143e-23
-0.009029707533074534
6.529104286353325e-24
0.008961467568939976
-3.907753851627111e-24
-0.008894419271978092
2.3388985543008552e-24
0.008828530254096759
-1.3999288258806844e-24
-0.00876376931619466
8.379357347261531e-25
0.008700106393391404
-5.015629613221759e-25
-0.008637512503283304
3.0022717892608256e-25
0.008575959697030525
-1.7971493529936653e-25
-0.008515421013095301
1.0757906753853135e-25
0.008455870433464132
-6.43992257683447e-26
-0.008397282842198725
3.8551618315323586e-26
0.008339633986171595
-2.3078815407632922e-26
-0.008282900437852314
1.3816345542790006e-26
0.008227059560019812
-8.271446711048508e-27
-0.008172089472284656
4.9519725842292284e-27
0.008117969019313335
-2.9647174198032614e-27
-0.008064677740653762
1.7749926255083977e-27
0.008012195842068125
-1.0627175072947096e-27
-0.007960504168285401
6.362781582004025e-28
0.007909584177091684
-3.8096401938399187e-28
-0.007859417914681891
2.281017095231345e-28
0.00780998799220126
-1.3657796227597547e-28
-0.00776127756340988
8.177868123500614e-29
0.00771327030340754
-4.8967377083685606e-29
-0.007665950388360337
2.9321131686746203e-29
0.007619302476174117
-1.755745839811846e-29
-0.007573311688063149
1.0513552525588565e-29
0.007527963590965901
-6.295701687482272e-30
-0.007483244180762377
3.7700360181090976e-30
0.0074391398662506
-2.2576335919692917e-30
-0.007395637453842137
1.351972683745212e-30
0.007352724132939151
-8.096340699396856e-31
-0.007310387461957544
4.848595303451776e-31
0.007268615354962985
-2.9036836924021175e-31
-0.007227396068888492
1.7389567854959165e-31
0.007186718191304062
-1.041440104720508e-31
-0.007146570628710569
6.237143579709197e-32
0.00710694259533177
-3.735450916278868e-32
-0.007067823602379658
2.237206592571184e-32
0.007029203447769917
-1.339907528820794e-32
-0.006991072206265441
8.025076179896824e-33
0.006953420220027182
-4.8065008108621406e-33
-0.00691623808955267
2.8788187195971834e-33
0.006879516664983683
-1.7242688475850034e-33
-0.006843247037765537
1.0327636333291962e-33
0.006807420532641399
-6.185888812197808e-34
-0.006772028699965941
3.705172471526152e-34
0.006737063308323481
-2.219319474244193e-34
-0.006702516337436552
1.329340471297426e-34
0.006668379971351551
-7.96264895968134e-35
-0.00663464659188889
4.769620080225994e-35
0.006601308772345596
-2.857030086223211e-35
-0.006568359271439134
1.711396291711031e-35
0.006535791027481526
-1.025158562496606e-35
-0.006503597152773686
6.140957946161844e-36
0.006471770928210178
-3.67862710479182e-36
-0.006440305798085224
2.20363628262904e-36
0.006409195365091185
-1.320074705657559e-36
-0.006378433385501202
7.907905948588017e-37
0.006348013764528085
-4.737277406275408e-37
-0.006317930551851932
2.837921771079265e-37
0.006288177937309315
-1.700106980143361e-37
-0.006258750246737232
1.018488798438425e-37
0.006229641937965315
-6.101552995706984e-38
-0.006200847596950174
3.655346848638402e-38
0.006172361934045936
-2.189882545315295e-38
-0.00614417978040543
1.31194922534455e-38
0.006116296084506643
-7.859902543419864e-39
-0.00608870590879937
4.708918526584052e-39
0.006061404426467222
-2.821168506527684e-39
-0.006034386918300314
1.690210004547793e-39
0.006007648769674283
-1.012642276984974e-39
-0.005981185467631349
6.06701605190559e-40
0.00595499259805945
-3.634945406218243e-40
-0.00592906584296557
2.177831415734214e-40
0.005903400977839607
-1.30483080152408e-40
-0.005877993869105265
7.81785618261045e-41
0.005852840471654614
-4.68408372221083e-41
-0.00582793682646312
2.80650019590945e-41
0.005803279058282075
-1.6815466571118e-41
-0.005778863373405484
1.007525730914972e-41
0.005754686057508629
-6.03679895041776e-42
-0.005730743473555598
3.617100564639165e-42
0.005707032059773224
-2.167293474322196e-42
-0.005683548327688968
1.29860806734524e-42
0.0056602888602304
-7.78111202547985e-43
-0.005637250309883998
4.66238790213645e-43
0.00561442939691113
-2.793690354668151e-43
-0.005591822907619123
1.673983720511725e-43
0.005569427692685443
-1.003060793958235e-43
-0.005547240665533085
6.01044064607488e-44
0.005525258800755331
-3.601541053086625e-44
-0.005503479132588142
2.158109093676647e-44
0.005481898753428487
-1.293187081610491e-44
-0.005460514812397
7.7491171695892e-45
0.005439324513943424
-4.64350561642194e-45
-0.005418325116493342
2.782547397287469e-45
0.005397513931134774
-1.667408401405081e-45
-0.005376888320343273
9.99181054184383e-46
0.005356445696744186
-5.98755007281843e-46
-0.005336183521910833
3.588036570958528e-46
0.00531609930519738
-2.150142636070162e-46
-0.005296190602605223
1.288487951825911e-46
0.00527645501568178
-7.72140099419924e-47
-0.005256890190450602
4.62715961265792e-47
0.005237493816371741
-2.772907974060012e-47
-0.005218263625331421
1.661724450012028e-47
0.005199197390659996
-9.95829793832911e-48
-0.005180292926177305
5.96779297715887e-48
0.005161548085264519
-3.576390116553334e-48
-0.005142960759961621
2.1432779831761e-48
0.005124528880089685
-1.284442228859981e-48
-0.005106250412397183
7.69755997368241e-49
0.005088123359729512
-4.61311198235668e-49
-0.005070145760221044
2.764631808776449e-49
0.005052315686508953
-1.656849149667327e-49
-0.005034631244968152
9.92958233490837e-50
0.005017090574966672
-5.95088167600985e-50
-0.004999691848140841
3.566432011708548e-50
0.004982433267689657
-2.137415049509017e-50
-0.004965313067687748
1.28099087229276e-50
0.004948329512416362
-7.67724580229443e-51
-0.004931480895711819
4.60115722904512e-51
0.004914765540330906
-2.757597651833904e-51
-0.004898181797332688
1.652710953906378e-51
0.004881728045476248
-9.9052415224498e-52
-0.00486540269063387
5.93656699788095e-52
0.00484920416521921
-3.558015194562627e-52
-0.004833130927629996
2.132467032525331e-52
0.00481718146170483
-1.27808264376275e-52
-0.004801354276193692
7.66015600598997e-53
0.004785647904241707
-4.59111678177309e-53
-0.004770060902885819
2.751700073516648e-53
0.004754591852563979
-1.64924761198969e-53
-0.004739239356636488
9.88490791833021e-54
0.004724002040919137
-5.92463187560511e-54
-0.004708878553227813
3.551011472873175e-54
0.004693867562934239
-2.128358221478678e-54
-0.004678967760532526
1.275672825387783e-54
0.004664177857216229
-7.646026445734e-55
-0.004649496584465619
4.58283460937489e-55
0.004634922693644869
-2.746846897948227e-55
-0.004620454955608888
1.646404667369277e-55
0.004606092160319525
-9.86825977917995e-56
-0.004591833116470879
5.91488620331132e-56
0.004577676651123479
-3.545308513566966e-56
-0.004563621609347068
2.125022235076418e-56
0.004549666853871761
-1.273722187964245e-56
-0.004535811264747364
7.63462527597282e-57
0.004522053739010597
-4.57617368258848e-57
-0.004508393190360047
2.742957131116857e-57
0.004494828548838602
-1.644134244103644e-57
-0.004481358760523193
9.85501409202093e-58
0.004467982787221639
-5.9071626718208e-58
-0.004454699606176396
3.540807402735271e-58
0.004441508209775036
-2.122400591760937e-58
-0.00442840760526728
1.272196153142427e-58
0.004415396814488397
-7.62574803444848e-59
-0.004402474873588817
4.57101309609685e-59
0.004389640832769787
-2.739959273884658e-59
-0.004376893756024912
1.642394057890326e-59
0.004364232720887431
-9.84492077608091e-60
-0.004351656818183075
5.90131336893051e-60
0.004339165151788369
-3.537420652055075e-60
-0.00432675683839423
2.120441540576733e-60
0.00431443100727473
-1.271064107727045e-60
-0.004302186800060895
7.61921362019126e-61
0.004290023370519402
-4.56724570918688e-61
-0.004277939884336061
2.737789937856975e-61
0.004265935518903956
-1.641146603980652e-61
-0.004254009463116119
9.83775791778169e-62
0.004242160917162645
-5.89720698324102e-62
-0.004230389092332119
3.53507055781749e-62
0.004218693210817246
-2.119099098062021e-62
-0.004207072505524595
1.270298838368185e-62
0.004195526219888345
-7.61486097508668e-63
-0.004184053607687939
4.56477619762701e-63
0.004172653932869538
-2.736392701621737e-63
-0.004161326469371202
1.640358485612393e-63
0.004150070500951691
-9.83332782726293e-64
-0.00413888532102281
5.89472648834187e-64
0.004127770232485201
-3.533687840852189e-64
-0.004116724547567503
2.118332249414508e-64
0.004105747587668807
-1.269876062332802e-64
-0.00409483868320432
7.61254632745169e-65
0.004083997173454154
-4.56351943431545e-65
-0.004073222406415186
2.735717159334943e-65
0.004062513738655892
-1.639999854984513e-65
-0.00405187053517411
9.83145375345378e-66
0.004041292169257641
-5.89376721238637e-66
-0.004030778022347634
3.53321051200682e-66
0.004020327483904687
-2.118104281678635e-66
-0.004009939951277603
1.269774035557761e-66
0.003999614829574733
-7.61214088803563e-67
-0.003989351531537855
4.56339913481244e-67
0.003979149477418519
-2.735718124403262e-67
-0.003969008094856821
1.640043945053672e-67
0.003958926818762522
-9.83197713102469e-68
-0.003948905091198492
5.89423521917891e-68
0.003938942361266394
-3.53358292008921e-68
-0.003929038084994578
2.118382223816264e-68
0.00391919172522813
-1.269973223318621e-68
-0.003909402751521031
7.61352891287491e-69
0.003899670640030361
-4.56434671782306e-69
-0.00388999487341253
2.73635495912305e-69
0.003880374940721469
-1.64046667514453e-69
-0.003870810337308749
9.83475525994332e-70
0.003861300564725579
-5.89604594282104e-70
-0.003851845130626644
3.534754948437986e-70
0.003842443548675744
-2.119136373905728e-70
-0.003833095338453195
1.270456021978511e-70
0.003823800025364947
-7.61660606563481e-71
-0.003814557140553393
4.56630034128565e-71
0.003805366220809818
-2.737591007294553e-71
-0.003796226808488467
1.641246316949419e-71
0.003787138451422189
-9.83965933920804e-72
-0.003778100702839618
5.89912303009513e-72
0.003769113121283879
-3.536681333347759e-72
-0.003760175270532757
2.120339897823618e-72
0.003751286719520318
-1.271206522673578e-72
-0.003742447042259954
7.62127802599752e-73
0.003733655817768804
-4.56920408282888e-73
-0.003724912629993532
2.73939311155106e-73
0.003716217067737446
-1.642363210241996e-73
-0.003707568724588899
9.84657279234361e-74
0.003698967198850983
-5.90339735408999e-74
-0.003690412093472454
3.539321083007261e-74
0.003681903015979882
-2.12196848692828e-74
-0.00367343957841101
1.272210309635215e-74
0.003665021397249262
-7.62745930139855e-75
-0.003656648093359417
4.57300723962032e-75
0.003648319291924395
-2.741731200791063e-75
-0.00364003462238315
1.643799519756044e-75
0.00363179371836964
-9.85538983463853e-76
-0.003623596217652845
5.90880616979851e-76
0.003615441762077839
-3.542636979821589e-76
-0.003607329997507852
2.124000064720337e-76
0.003599260573767347
-1.273454287281656e-76
-0.003591233144586054
7.63507220776699e-77
0.003583247367543971
-4.5776637275018e-77
-0.00357530290401729
2.744577935943409e-77
0.003567399419125246
-1.645539026338258e-77
-0.003559536581677863
9.86601424177476e-78
0.003551714064124577
-5.91529238806004e-78
-0.003543931542503727
3.546595152282058e-78
0.003536188696392888
-2.126414534376831e-78
-0.003528485208860039
1.274926531332765e-78
0.003520820766415537
-7.64404599146922e-79
-0.003513195058964895
4.5831315631264e-79
0.003505607779762338
-2.747908404525057e-79
-0.003498058625365128
1.647566946785602e-79
0.003490547295588641
-9.87835828710066e-80
-0.003483073493462179
5.92280394865793e-80
0.003475636925185508
-3.551164705138599e-80
-0.003468237300086107
2.129193560568832e-80
0.003460874330577107
-1.276616160085646e-80
-0.003453547732115917
7.65431606981781e-81
0.003446257223163523
-4.58937241582727e-81
-0.003439002525144432
2.751699856212705e-81
0.00343178336240728
-1.649869777806968e-81
-0.003424599462186048
9.89234182081084e-82
0.003417450554561923
-5.93129327689602e-82
-0.003410336372425751
3.556317398682756e-82
0.003403256651441091
-2.132320380172455e-82
-0.003396211130007864
1.27851322269012e-82
0.003389199549226567
-7.66582337160715e-83
-0.003382221652863055
4.59635121834522e-83
0.003375277187313881
-2.755931473050562e-83
-0.003368365901572177
1.652435160368011e-83
0.00336148754719407
-9.90789146908634e-84
-0.00335464187826562
5.94071681077885e-84
0.003347828651370277
-3.562027369587287e-84
-0.003341047625556842
2.135779637440903e-84
0.003334298562307922
-1.280608601823224e-84
-0.003327581225508875
7.67851376241369e-85
0.003320895381417233
-4.60403582745831e-85
-0.003314240798632592
2.760584169037619e-85
0.003307617248066968
-1.655251761333884e-85
-0.003301024502915601
9.92493993508558e-86
0.003294462338628211
-5.95103458816487e-86
-0.003287930532880682
3.568270887061709e-86
0.003281428865547182
-2.139557239973871e-86
-0.003274957118672701
1.282893928611768e-86
0.003268515076446009
-7.69233754203144e-87
-0.00326210252517301
4.61239672709788e-87
0.003255719253250509
-2.765640414739879e-87
-0.003249365051140358
1.658309169852654e-87
0.003243039711344003
-9.94342538676816e-88
-0.003236743028377392
5.9622098850729e-88
0.003230474798746273
-3.575026139143522e-88
-0.003224234820921846
2.143640232441514e-88
0.003218022895316783
-1.285361508015568e-88
-0.003211838824261589
7.70724900354282e-89
0.003205682411981329
-4.62140676778245e-89
-0.003199553464572675
2.771084083303537e-89
0.003193451789981309
-1.661597806350185e-89
-0.003187377197979639
9.96329091904054e-90
0.003181329500144848
-5.97420889778992e-90
-0.003175308509837262
3.582273044804903e-90
0.003169314042179025
-2.148016685524099e-90
-0.003163345914033088
1.288004253179234e-90
0.003157403943982496
-7.72320604525519e-91
-0.003151487952309978
4.63104093721494e-91
0.003145597760977824
-2.77690031483911e-91
-0.003139733193608053
1.665108842355305e-91
0.003133894075462859
-9.98448407975287e-92
-0.003128080233425346
5.98700046262459e-92
0.003122291495980522
-3.589993088255724e-92
-0.003116527693196572
2.152675597939446e-92
0.003110788656706396
-1.290815627501352e-92
-0.003105074219689398
7.74016982814592e-93
0.003099384216853538
-4.64127615771697e-93
-0.003093718484417637
2.783075396632485e-93
0.003088076860093924
-1.668834129659125e-93
-0.003082459183070827
1.00069564507475e-93
0.003076865293996013
-6.00055580813114e-94
-0.003071295034959644
3.598169172398821e-94
0.003065748249477888
-2.157606809767566e-94
-0.003060224782476638
1.293789593367728e-94
0.003054724480275469
-7.75810447261955e-95
-0.003049247190571809
4.6520911068547e-95
0.003043792762425327
-2.789596657038036e-95
-0.003038361046242536
1.67276613754655e-95
0.003032951893761609
-1.00306632765341e-95
-0.003027565158037395
6.0148483354342e-96
0.003022200693426648
-3.606785488866446e-96
-0.003016858355573444
2.162800925559486e-96
0.003011538001394807
-1.296920566658303e-96
-0.003006239489066521
7.77697678933675e-97
0.003000962678009137
-4.66346605817208e-97
-0.002995707428874167
2.796452371238485e-97
0.002990473603530462
-1.676897897031459e-97
-0.002985261065050773
1.005556313430146e-97
0.002980069677698489
-6.02985342295233e-98
-0.002974899306914556
3.615827402458143e-98
0.002969749819304565
-2.168249245946991e-98
-0.002964621082626014
1.300203376272186e-98
0.002959512965775734
-7.7967560396666e-99
-0.00295442533877749
4.67538273941222e-99
0.002949358072769732
-2.803631677329313e-99
-0.002944311039993518
1.681222951187428e-99
0.002939284113780589
-1.00816176399183e-99
-0.002934277168541602
6.0455482523707e-100
0.002929290079754517
-3.625281348125512e-100
-0.002924322723953129
2.173943706661043e-100
0.002919374978715759
-1.303633228027531e-100
-0.002914446722654083
7.81741372197338e-101
0.002909537835402111
-4.68782420599506e-101
-0.002904648197605299
2.811124501412988e-101
0.002899777690909815
-1.685735310799515e-101
-0.00289492619795193
1.010879118536065e-101
0.002890093602347548
-6.06191165317506e-102
-0.002885279788681878
3.635134738920085e-102
0.002880484642499224
-2.179876824025768e-102
-0.002875708050292917
1.307205672386462e-102
0.002870949899495364
-7.83892338049807e-103
-0.002866210078468235
4.70077472784257e-103
0.002861488476492762
-2.818921490578103e-103
-0.002856784983760167
1.690429414674223e-103
0.002852099491362212
-1.013705070365913e-103
-0.00284743189128186
6.0789239634449e-104
0.00284278207638406
-3.645375883547579e-104
-0.002838149940406645
2.186041646128346e-104
0.002833535377951342
-1.310916575533687e-104
-0.002828938284474896
7.86126043405661e-105
0.002824358556280301
-4.71421968791364e-105
-0.002819796090508144
2.827013952798393e-105
0.002815250785128052
-1.695300094038713e-105
-0.002810722538930249
1.016636545801243e-105
0.002806211251517211
-6.09656690492825e-106
-0.002801716823295425
3.655993912362694e-106
0.002797239155467258
-2.192431708977456e-106
-0.002792778150022909
1.314762093403575e-106
0.002788333709732474
-7.88440202216515e-107
-0.002783905738138098
4.72814549103977e-107
0.002779494139546232
-2.835393802920127e-107
-0.00277509881901997
1.700342540538961e-107
0.002770719682371492
-1.019670685217511e-107
-0.002766356636154593
6.11482347069297e-108
0.002762009587657298
-3.666978710798731e-108
-0.002757678444894575
2.19904099705709e-108
0.002753363116601125
-1.318738648305785e-108
-0.002749063512224267
7.90832686652866e-109
0.002744779541916905
-4.74253948184421e-109
-0.002740511116530575
2.844053514020476e-109
0.00273625814760858
-1.705552277413652e-109
-0.002732020547379205
1.022804825962368e-109
0.00272779822874901
-6.13367782388184e-110
-0.00272359110529621
3.678320859363191e-110
0.002719399091264118
-2.205863907763176e-110
-0.002715222101554684
1.322842907847058e-110
0.002711060051722093
-7.93301514610863e-111
-0.002706912857966452
4.75738987069179e-111
0.002702780437127542
-2.852986073515223e-111
-0.002698662706678641
1.710925133476993e-111
0.002694559584720432
-1.026036486933582e-111
-0.002690470989974969
6.15311520629377e-112
0.002686396841779715
-3.690011579445449e-112
-0.002682337060081656
2.212895219277984e-112
0.002678291565431478
-1.327071765886537e-112
-0.002674260278977809
7.95844838421977e-113