0.3843234153359116745836020735602795065195223011075291046449677712798957
0.1770419886711994857461788414179189231257735521281102624840321275317408
-0.1811717954351980797435481353724530805991178967819842383855961790789805
-0.1686465415024595174509226607258318127031273893821852956810990396967546
0.1045995848640794236251155140416186453460863023622594041822262920542878
0.1490463136689920799598796712761212410581137349164895310252572780506049
-0.06365728015081360568225996011513020762957406005044704637396673460941462
-0.1294003294922703511906489068833496369225366046735602825967795982375004
0.03969728874970498753545551606436189564320876649080906038311127080985103
0.1121923576983594254296201079310064412533145384716569562484466003588726
-0.02510676987648912332715839081724959597142570850849394220059723621723799
-0.09779489071083501868869890394951455270581288530539542427095293845179464
0.01602526804530062369336738602810147651768522253281458910103514606793222
0.08596058323588051689054496410495832740982260144731900003138526198271668
-0.01029488978950472554145272507936675325154465082828223883536740758744868
-0.07628544772796338104280350190298387522033572457719557845535849461593271
0.006645322784298763597291688379520555763582956913727355143597891902057271
0.06836685313229573625868006631980738839715778064254714343863235781250641
-0.004305395275662835948684967238927413403461087332211396785231952862271021
-0.06185417266511940658293996174837594390356568158684842844671455864137345
0.002797586821666517310555091177345967750668345535391635199662795325664981
0.05645915725033787890440154489365981594496710682210167848664154557228271
-0.001822177255345675963628934781240827537331363044532356945766468018267968
-0.05195154287232645840990181913146735658043916627220256921173813446863869
0.001189207554756678183689449008538500440603157537973309950742954826037138
0.04815010761129189147592853971981846299117853278550475721452876010891943
-0.0007774092983867002851164892716558390550449690444814178697781633589984978
-0.04491325610570570028449519717822803305488476549532807881200164369928569
0.0005089338508313664354756066345774453003970679224654549382807935284480268
0.04213063231466211359697489791125821749862561297878252305909955366931156
-0.0003335864876724156329183896397306520909254640034406210800512926238141686
-0.03971617163801933151422720049629353275012247812180014249962660029812603
0.0002188885525497120518977211687641067356430420218505289100950287373131
0.03760256034465225100894206172622114697558955040992858080699738212251486
-0.0001437637199332114075736966908841297740129255489573325307260169045063008
-0.0357369122055566815420190985074117462768435675026294788852740466404565
0.00009450195967111858793958048065595473969991276224678988819621593140164652
0.03407743762849588075363024275487723720625705699312430857941722623113922
-0.00006216681521286272027341712330410690985895591222892182708191676195143006
-0.0325908959961648307915838068361453251673270017808794711537292817982006
0.00004092320770998320162984117086711537822975642924287204810677918962833921
0.03125065410846934937582452680666875563129609077295826657154387452345457
-0.00002695539448915845841071115097483584583826369571358779861934281601810587
-0.03003520812951765922471791521271126948744800612742496953096875701474085
0.00001776488181348008450227311701261722962398141902913688161757106070793788
0.02892705748057157226229230185291746782749148226908629280318314030289768
-0.00001171381617999270525731510241066254637716847204739702735373630765626389
-0.0279118449393795286628661483874910403216117764179078944768051500267269
7.727436692550727939274171543038340061874433839097994165595946440835591e-6
0.02697769778171275344341357392621373200305914554948452084857202011466019
-5.0998480273928750241527425634772994216398510078930602630536332976427e-6
-0.02611472078034510747540589780109506941476633022694048663342864035819612
3.367048651886095591299287826167724800729497405168989974357458369642963e-6
0.02531460408589975165415180617840104680762558659193165247293177536646508
-2.223817725531035894301161293882254699498305285423240566825391552512119e-6
-0.02457031824472512610387742312657655397875277274999383553509176472505978
1.469248512700716307898798890562231911141952645800944393570009461296287e-6
0.02387587554105977816902103808295094403352271268269296410155366399014869
-9.710183379471794491350349536239652827834217643368655881044977521389424e-7
-0.02322614203547703834159210999290281663858511550473775629818382737423886
6.419283457483424174426586344877260072466821460372796385864022939235239e-7
0.02261668854122392640393253246622285334848413023625441585481140200592317
-4.244869732209910256446755473835421964109821145187596144559878945821442e-7
-0.02204367166635569098264702810232525302702310383776848844513708362212842
2.807717414823191907698055783432600204717394297467521202988191647326133e-7
0.0215037382035941046434780403795261881257516151215717551563278275791213
-1.85757709447997122558386849606614595944815119013438079412740924069271e-7
-0.02099394775981725666512761959679077755948586976390455120117872805954506
1.229245234045363195873458713432571446406746286881097910005030430362965e-7
0.02051170972321877161825036911614230947333158208318656049011433074149801
-8.136222177602074077794876240218567014818690718671481759148964523570207e-8
-0.02005473157246049525823238974253808555924620783210717884836471977147247
5.386348716296294815210769470974896586522467020610534182078895864610629e-8
0.0196209762155554764832387582101463265418035738252335154968819716484595
-3.566553784547703270672137772762768893544522500740409668493396968179888e-8
-0.01920862656365815912235311907826878221410561707487336497428685124047755
2.36200794542311091319537494635154072699466389251476902101575443670925e-8
0.01881605593846738950864359806294102829146171490598364800766616299206952
-1.564545350772758451309287788269287088943213345641853280504997225579025e-8
-0.01844180321268197571668988825280066064526085514543547282539367405321525
1.036490794876173752727454782490745993313309729735212177777975828626934e-8
0.01808455181394323572937178805267635704111221936003636787845805847533669
-6.867675614442396160434563246288081166574430072695391770435840438411029e-9
-0.01774311190107280271331456828983774425267478526780800183343493288188587
4.551116133033811459992945482025545674049545374088040016907593761858653e-9
0.01741640515991149389491152869350003565310237215102301481493558962504168
-3.016385857666250302816621018381224870415604009375459587681882446067551e-9
-0.01710345177420426195422039545240326126360468333492444595624578318498014
1.99946555596943944534601153383628992235398774298830477472656590321702e-9
0.01680335921189058084325597162916542880262109533150909840361329196830104
-1.325550923613455095764009594686164376462645089381697706993052297085522e-9
-0.01651531253421622709283328053384230727620019392645655478861346314461435
8.788847727188050793007315591867302132994177061708797744547594567093959e-10
0.0162385659883364847868515950506949770483308262962703908002334523456257
-5.827982358947895796931345741679627296989511804572221324765510291112244e-10
-0.01597243568660990853319426624030507972850328510410127320909416140607583
3.86503254845893688700572507850450720904620487469578789780714878667261e-10
0.01571629320993249683322044805946331242555134114396935877661414963883267
-2.563508287566215151849140637049121232319693902093428769648538196849999e-10
-0.01546956000003232546177276063820899016931290299801456358406702188287534
1.70043902736472567954047732849403506823758776761858172651732162196033e-10
0.01523170242801868465249213026391416048325885868422644531742251139049417
-1.128055340706417839145412979035443174339421839890446488627356627101815e-10
-0.01500222744472884490789908517695387829540847271590715893359845702073167
7.484125985223603325962471871280991171859430834224416746058762330077761e-11
0.01478067873337302833386053620995923083966675036238227305633567874150069
-4.965826565682051421574350984082908436947688347639693697885641206041154e-11
-0.01456663329729546544669575476889020508579108224622918113862888212373282
3.295188775078114114313056655242642288750267300032489421365412594588991e-11
0.01435969842585851654758370885199678636774517949918933988857518745403074
-2.186784298305598502356939518276925676186264372010152161164050105328301e-11
-0.01415950898992206631512993694586972089404421282492489459238086927958307
1.451333319624081073949100446378231823145041053496255146977777154319361e-11
0.01396572502545269880723910595381196339894114887555145861011073377336006
-9.633025344144158008345893639761002835299303091902093692619758861294843e-12
-0.01377802956971252018623569157198105763255030582533269493096163514780005
6.394275872687943906593293487830363644708757109996408945234253495705369e-12
0.01359612671945108608715034592062430643219125693884365218036337225559847
-4.244749223666089563154484016544011435886804031438718488446212751074325e-12
-0.01341973988472091121932520829483043939464242750192862139079332426686819
2.818017178302299461121209305572674702853826807813299342412866649016237e-12
0.01324861021549111421123156636942472111000422196091157862619330837100628
-1.870962775720365402549974939544699070511048567267259367551127525475278e-12
-0.01308249518125343732864723669651774869444322055626402019971713646638303
1.242268866164974388471866994706110333710853224706670481215781111792419e-12
0.01292116728638874457163516686683771369953424746133901669494905922390136
-8.248862718476535060170535573094602756269059628499654484298161849779438e-13
-0.01276441290626269556734977108894458906159299798932787665416305788189702
5.47771827840809061924700210948448854128277492459118834656619718909791e-13
0.01261203123090628601314943367245318147202622315943361285489581550978351
-3.637739639288650264299378472577820068655868653522927514975339774411917e-13
-0.01246383330475959840319953399502721395063653620930281253700777106461794
2.415956083972452200660262856401527203524433754012483768460522883498567e-13
0.012319641152356234971791039465128190029205940570068165596659572446951
-1.604616293886689476884874718190867172687407603081517669241270837786625e-13
-0.01217928698103544573341610503821821941088919743104426857562161917973282
1.065804056584674302878726190455654571481786641416633828828029423127456e-13
0.01204261245281723215308955471563888244545671462533243012242297275640227
-7.079569510358017617299882947723049469329609585207253222926348107950852e-14
-0.01190946801848640041299569117630609323608572028595856369665459818287611
4.70282668082995868597783928064025676166892080624727036841046720388234e-14
0.01177971230772455588853026457926648334242564849723978260507929121979803
-3.124158783492676549542945178108521327847010505212739145663743553365666e-14
-0.01165321156982112993150953597131973247397118508012130110878289383380744
2.07552807421421632937431466250093908281090617202793674036996901935286e-14
0.01152983916009986486832775469953936755059393705392211765495875397964517
-1.378938592206320376641412713352381993202189318923744513735496853358906e-14
-0.01140947506772774068908009807063125110470871734983290812204481592983976
9.161814133110265062150718347193550266166290061166120739799414051862881e-15
0.01129200548103928744973292042088730004596889545631652988780190534564994
-6.087482455550458420883185416588104125401558713351409930486322204942393e-15
-0.011177322386919258860027526928548243098885807181510923942063919541042
4.044949865468965127500496762453995614593339899577839951776651416634488e-15
0.0110653232011481436895322447840685300659550658926916063302213512787184
-2.687863681418327195487109853997324918335751093980748244214732354698281e-15
-0.01095591042693429330404252015948844238940336643599632920321533671552247
1.786156588858298047628664145617487737789456810803757462246832050760541e-15
0.01084899133913897551878733593684728309014111400120816567561459396001757
-1.186996815008506121569864207135824153616963561511873239069333428681529e-15
-0.0107444776919510943905809996789012585522767914902096536213707403657688
7.888544239303488153307307355440596843273718086880585597853110353912347e-16
0.01064228544799066346201858892673403099943336652300024842824730472321698
-5.242772794026694152511194807783212446506834914820733625837321640305058e-16
-0.0105423345270178576493304536856202681258180541431731915039944161314536
3.48450952673948021979291987037957370996828396078582117529224762778094e-16
0.01044454857260059949568451781501127485908162945849261355199587134541097
-2.315998774556626921937315291659995856221950322452233138186013223013298e-16
-0.01034885473525076205547126383051087518697704937870235694196456171908742
1.539397088797977545337809963492180008930153149818790939500198411244252e-16
0.01025518347067945412831060590138348847252352723326549417352294722753492
-1.023241848236066650837168917858765341733932908139440120814187075467089e-16
-0.01016346835194746126046640521861706040029356371011611730738902706580021
6.801753146038923894570816849784890393745411145138682907773658826595414e-17
0.01007364589439946290828176863687514434767437096689791522692114369784906
-4.521453143406354662677381054992039025875465968070232365665904233835794e-17
-0.009985655392371630164343077365303044945013224483803889292874384099853945
3.005726538837342996750671039804117549418121697985742621770064921493957e-17
0.009899438766752939749309560987903837502055105104465323747705689304298667
-1.998181063410483940619970674479972721823897175995894606717359922832116e-17
-0.009814940422562166757663267265885708694784809206623088021110796984025384
1.328415219957375726056644195650530367788262559926828977861986367285949e-17
0.00973210711577604872469703980305240041860603752278941843777544074271973
-8.831738004908893344729166986066342425399313846473026946663701947867041e-18
-0.009650887828710432968566898855227405999008930972177666026978715071238465
5.871804013475768241951881575063816836310649482256708891065535119126042e-18
0.009571233653316108007640331398959923105732550310843659286992927935236543
-3.903998880829101449918085756585986807022106070730006411662059582290739e-18
-0.009493097681805166144988018939345034970429616378953944294071811074833664
2.595734707393294294458548474255794236133782475887948997047340889415335e-18
0.009416434904072755656419284119892220376552239059180192589706325474459488
-1.725929876568382205294493812607344564175869556304641285731041928284403e-18
-0.009341202111423494814194001164235477314995484746130693667592927352920683
1.1476195999126522569383523871401670574391226969494386195333249071346e-18
0.009267357806152112199243193831494987447735533625488453283448840803293233
-7.631053306719244502558551688125308101269309992853718662631194533105583e-19
-0.009194862116564470552770371838288293459544782200570747292183309708718352
5.074374293420203147545287150006969126009025232490631197726791872259032e-19
0.009123676717058399715497289430853368192168737380272564354030907886486664
-3.37436266436378604365339757421668143609514799411376584386748513301098e-19
-0.009053764752914041414264728541387150487708755413873716622516286817279358
2.243944124249780535469539985986000061509087130736503815960908920786922e-19
0.008985090769470991665852236172828816276848263301726765037405435803536042
-1.492255277258406009177116511909673305944524199544622381498794021758001e-19
-0.008917620645394680066697688703309098463262342276375132400756180508085882
9.923955303986325785188569888052161277383692546243148412796816166837799e-20
0.008851321529757385501907007941938314336625403997461626299284715156173474
-6.599892487026191098389044386256464591928511755180372008267738853241477e-20
-0.008786161782680266006143620437027841293749889476325718937933978146156609
4.389338830811909436327881023358204561761501801244238694659635186512172e-20
0.008722110919301965593429763491555515154121102155860236500481589072620569
-2.919250368616240460079474992689833457866401567318323189555884497247193e-20
-0.008659139556856922108247311747639584875398756513660182159043603243163372
1.941571470549205227270375364522184967488484950661485241564021850685186e-20
0.008597219364662589339328982127777172762586307827930066172261508522063496
-1.291353184452492835414037844541298732762280834926376200007690622858151e-20
-0.008536323016829540072252365449151083377575189235807561674832173579528455
8.589069821102887756123708550570961669308386618767101616500674160123302e-21
0.008476424147521956936242362155773060599464194367919811824411634924747329
-5.712898317542302091682177295668269124030405336942047880386338196200086e-21
-0.00841749730860845504291631543931362363856860588276527723247125772408559
3.799933113143527992093949603740785970808663257186850265497426025731411e-21
0.00835951792955461379242970944053193336372395146831831392647615430074944
-2.527576697077418146457004430048229690842183205401635951615665160933393e-21
-0.008302462279419114340131376673156804824548776306895772353095577397544405
1.681285649290281953214217277407814102072458280954441503790304678792786e-21
0.008246307430825064852904459300217801997895200473526781161994268334794498
-1.118374577986103508061259166725965526313375030388129643128400894928248e-21
-0.008191031225787020813499084035089699619992624393093178679284173818671249
7.439462046771056444320908411256343981251760346340495132644046574310182e-22
0.008136612243282438241462203656192237949822052210051495962732771530176503
-4.948847790534986610124676526077429614425699470991672565418101287965373e-22
-0.008083029768463893517478651441735357233016889310661880785514995133451685
3.292113768223273888749751448697409112527410777809727186065506908458794e-22
0.008030263763415418633575879612952101581966503581816911503806443503907151
-2.190047870383409144845935818416463577485996857898559145477411318047377e-22
-0.007978294839362784209828621219494247934513818407851515025336792321249834
1.456935341887547395040551742663175757548064868527007619879947778497411e-22
0.007927104230253559049569340384979592529277906274899359230333695210600244
-9.69247554311955680522453446866220883819754226425823799242848569384945e-23
-0.007876673767628324800265155083244948652500088830287343819977673391209034
6.448174538523086807118555359312229546778820777281808817822272086474416e-23
0.007826985856709564222120590890009611909574654688879109595998141542046229
-4.289892048168837139102939218519090873493786511332492091852579687951018e-23
-0.007778023453639505104455027229219604045804379408706098696066269681937991
2.85406150689475504436078458657455332478617351315024736413559264269634e-23
0.00772977004380261948534260161509490567161897978891437857866844420211062
-1.898836441065082502423251346673131296029565998704947183561710993788407e-23
-0.00768220962117257729783888931505977378142471825573737529325898449712643
1.263336183210553411486217012823617593725005602090018302795139189900717e-23
0.007635326668627260221257044061189529755215172241151449501438790623151101
-8.405379860705015393427498805604489855262121444755329306060697584866065e-24
-0.007589106139178978485784578720350304943380460504996470919900957884493813
5.592457294547614237915693517701527666897889912103018164956457562724068e-24
0.007543533438070321791785853371639692382804203192932434036505439888452087
-3.720958442370598665611899163069649486618577617573170521114591245485343e-24
-0.007498594405689134678516297199783779580692104294053791780804169315027169
2.475789222901507111822047081374014391417578769186577676674492000065186e-24
0.007454275301258954284841815923470981117010072452219556947433717205538027
-1.647324348983402163475684217553653050132349983802400672804006943585477e-24
-0.007410562787263900669737559918553439861994160838881236379363830721016245
1.096102243722096827364657949375662745678546233850714926362807126673388e-24
0.007367443914569481530867502597597124603465040112967139264814826795412999
-7.293389638254507743902196011466855797757249315258318680154102511042682e-25
-0.007324906108203077871732016997766757462494838862073933610146396896559204
4.853042196501745266422581786936853163157396053706412783829152140465064e-25
0.007282937153760027397333064518548975949639620395610005785619338239966629
-3.229274231351870433258303571220364279285029547387083443774019856538574e-25
-0.007241525184403229620215504465722322350782720488797830736357711717103457
2.148829223578749127659830209130836549772887696919014484981194634546971e-25
0.007200658668426071358403872352919652930246776686754818655211818903261812
-1.429897479208835350959226082058451184634022830550011156623633605321349e-25
-0.007160326397350223181528035784546631343452553494777368050815310113743062
9.515110472364408196458065682282736495905109509814968090124602070978722e-26
0.007120517474531495314879028955515736892403677794457537579042669231373549
-6.331820840431263900867428665649229212261051494987207854962009101010009e-26
-0.0070812213042484737401756041070654017696404647654564382059749790562164
4.213559827679899009365978140619671806338579242796227847595371871364899e-26
0.007042427581250091287603629256222303500430264060869408799912806635373619
-2.803983103548463153358096769990154784273274833771668440572978616919753e-26
-0.007004126280739631356823702820812560764481157975173816876837836231789134
1.865981008150723820512200576111536451215987890640214022749604104355151e-26
0.006966307648773919955329856760250644973776710536624544594567186031440796
-1.241779728617980409852199805962187198144120884854936707253392156647892e-26
-0.006928962193057640926127636093206629515128774785676571689929676808812009
8.263943792038626215601708445551165437738435144139009740983389788100037e-27
0.006892080674113815025077936950124598481169951351417412073895896168477384
-5.499655791224248576600501631012926557103705891974874355701711785919947e-27
-0.006855654096812520957544674916540127232750758472927773015929814549843298
3.660066316714054560024914256681125650084644773100035308975692585151703e-27
0.006819673702240910268837646263823304720988286621372877603446680668403037
-2.43583360539775929781337976528459977357674577332915968806350055097778e-27
-0.006784130959898482427782490148904364618507936467151113117281890756667942
1.621106053532234643392104955117169963258578365171017751005540404329349e-27
0.006749017560202445550271577742673454698412282963074149226091952857478819
-1.078897814719399730196810579109192984537893764126884887570880865090173e-27
-0.006714325407288795686807722680785878928314927935679201798922841518910428
7.180492068979763705469952506562203382396575431123603464190443157842908e-28
0.006680046612095506879790628056504233153987318366748245767114360198209083
-4.778956092854306105927122296790997110455615473724687568854286611870585e-28
-0.006646173485714938467222586876885255631577865164856983182062745527433771
3.180656345005576981686458118774306949979673259137557775225975681762517e-28
0.006612698533003238323712089296046517540613825228895446123376014564946158
-2.116923994124057606636671668330934744584181872212945238185570575526259e-28
-0.006579614446435153628819592337522243332564126641862522227045948185534803
1.408959562141065584472247191482028825587606097377271453560699488112191e-28
0.006546914100193256882794121110137349280867605267351715657048800914985262
-9.377703044364784835346484237671224124077102196599720253106393562163361e-29
-0.006514590544481156615845128675970939729020221805299737556480660903882659
6.241644749058968272222221192780313189281334657704334327109261537472215e-29
0.006482637000050791757830022941301670896308333658429476799361987628774238
-4.154379632202082053349301430847010371130987484891828648763202883259127e-29
-0.006451046852934407995221644356491059331135187033297333810466345484115121
2.765144419537061934693308236940457091068986782335662131255515652317314e-29
0.006419813649372285543826979990228631899908585099875607161162223309634474
-1.840491874722919170602124918265106767496228028638697509503350360486424e-29
-0.006388931090927732379849650428014598143712931170202604950296101134957096
1.22505159763324748658902104937629663032641386091646681633018335838758e-29
0.006358393029781276747803554885125657918545056999647687973651898762835638
-8.154159327976487461503201672405618743161289833533322936704699324652881e-30
-0.006328193464196389238233951804217842430694181173214364221762553297069083
5.427605656423655286333310379068561507526159339549879075213843220116292e-30
0.006298326534149439333729530864481090517336820257141201447106802333037898
-3.612780762468621605615119832044651414071001974077339673543774270363917e-30
-0.00626878651711694539433865214267704316577419743361683278920269780313181
2.404800783299888661240358910393936732147732933629950285742671690772466e-30
0.006239567824013511839804256736822791484548696728721655790112942019070649
-1.600739737138985748440589433246114166611176704194522207754514958231859e-30
-0.006210664995274163949627620474704724219527392359298920270131799453730675
1.065531814925399369856350619264867256365261002219123145227759878126928e-30
0.006182072697075090329534151896240181921498809664746102692403843337872063
-7.092774319084673847088035263928916190041583904225764052271694541668461e-31
-0.00615378571768708669969762848522562063144580646670706882116299968064615
4.721389582881381461355114396449970585200138370353226137920979374592991e-31
0.006125798963956263195015951088094215261007416436938036110434774743827695
-3.14287755739255658226959840404667170037627872691740109643795900309727e-31
-0.00609810745790683171814327995904171707907778736121250847139003407871607
2.092131447493569797311404322881228038129301040300509235625337654171852e-31
0.006070706333461030881927382968248040983842471680372718401685135486829179
-1.392689523994389682990663218744570388499169351546000234531430158274766e-31
-0.006043590833271474496186021093393938406247814874633259430348383272118524
9.270932953402607965898025803977059438220442408726715059900777250397594e-32
0.006016756305661426121655178775224597819618591597095141423910340306394432
-6.171579356968979664937436048017620212929233138965048739332867423566811e-32
-0.00599019820166870761262509666286797134551203106525339640909565850728992
4.108401673010927393858847710538598443175317852691108230345368446977682e-32
0.005963912072189144437491154148354775203304557829746038218395663138254521
-2.734973586950607139607522289488673895146478705732066838150862131940097e-32
-0.005937893565215635501443277086155910293789648302055434026402718612565989
1.820694133450916184717836757317251175563806704154246681083236199583352e-32
0.005912138423169110758794055409169123499298996544480474481010987148991795
-1.212060854214481340908515944399676530721245628490703279610460020302817e-32
-0.005886642480317806620256065504588301395630577905051405612531335616107301
8.068919682283597024641301135484467105161779292743702292829510875852855e-33
0.005861401660281447526675011456219925198125064201792519872394793366456549
-5.371676562073527179169995071176077822336629470620625974089090100994869e-33
-0.005836411973617072538925961268092205571505680089583356011541498955013132
3.576084511312813416889593228322635086750959637632994110651647797540701e-33
0.005811669515483388819282614685206300963713778970516675513991951256728758
-2.380724324794263638627831119193377868517995545985804839512028165682285e-33
-0.00578717046338066986161786800977997648050664770240757304329478146796999
1.58494364254266377356096167354522206181443153255680423275713262136746e-33
0.005762911074963345650711941900651607082112506598626597312869835429143866
-1.055168653286877387019704200911442171262897383577458443297275274869444e-33
-0.005738887685922554956147312380913003849018526159859983628541498663757388
7.02478832636107821357017748952007486915526170760380848982429373515994e-34
0.005715096707936047033661424872670872681213462046270581588144810602307505
-4.6767900379334465410479619866556927759655298162279321018319040754459e-34
-0.005691534626682931436192995536199951708550729879803025893572423829585313
3.113620920642924985849423190162558502055610687634736051313345081268776e-34
0.005668197999920880729155267738364829992983358916348673050881040943189401
-2.072940318657135704098788352983628812162532451000157037980660470960141e-34
-0.005645083455623491943039744585443110066818386731778522665554143910264916
1.380101489051607603042362819595423539297711314213137407936177258413178e-34
0.005622187690175608848138327056551927168088564891738045435549063901331853
-9.188367990716816444049621970725269006973788132260890775347587028891885e-35
-0.005599507466624498852358479599792249700375233331967492296393251515631847
6.117427520925106247912470134335136513505267831741798845149794734744212e-35
0.005577039612984865740702568059948665953454309432977051498848073450149356
-4.072886884497508372111176265508339484603441355416715493144656490728244e-35
-0.005554781020595762817322935033590220998548630522070943516939987720331093
2.711682861641452421524529463343251415879290050027940867869705626250062e-35
0.005532728642527550488754851830633904018356551159510171990102870078375897
-1.805420808415538069067153556551812446945667823729689457624531245731787e-35
-0.005510879492037118138637450649273919937002155600572697822884505241924377
1.202045645067340117205383607555798733911428280672106016251386052642935e-35
0.005489230641069662477422325725284299509048555522287781192341283408832091
-8.003250542399452348146785501339783169175340528393311232711197992514216e-36
-0.005467779218805383582188949534345431025472566531047333911060355800401652
5.3286202809020444037680382247501577753142906654278907798234254212238e-36
0.005446522410249525738809190894637603022404507473993267665527890520998466
-3.547856221071985189768736904770939285939303979430477772105657671612729e-36
-0.005425457454864253119128699421218545576841815648109594402331466327392143
2.362218669681375959745133244711890130193327881362014794298238608398595e-36
0.00540458164524091041864424313681972982975126463813450536284397041248011
-1.572812683810818102517498544102232959884766300939510834545566464213615e-36
-0.005383892325811275986245119593108119729428503319909964956521342758035857
1.047217035943910614125477100796710658589627494697113477549052652397835e-36
0.00536338689159646983014328027979727700254209422631219903841830956703225
-6.972670728208390151425244447155543754381714744941295515673476251446614e-37
-0.005343062786992231309086455061973639326272398510604924266229776489439226
4.642632957052810925141176669669798209154142854653730314507820494414461e-37
0.005322917504589331434461402127735698608098904198980965018674331454626556
-3.091236628281266386152177044592333930028509245541967476939323092405161e-37
-0.005302948584027932629666104698091692002364224351432068704121347375615555
2.058272313331614649812925193398762171161665851565356530888798542412891e-37
0.005283153610884754624837233086830997934136975235067691980286420819695101
-1.370490621625307074871453856921143368678403596106028855476357933731612e-37
-0.005263530215591949008652631150928580880944319270697759792490892963536732
9.125400456148009817615439968960438112478966771190929612004686100765551e-38
0.005244076072386626910121078385463386238533849888458191250723770082317534
-6.076176750016743172277497884780332029808609261466319914800036360082857e-38
-0.005224788898290024432608317075736688829216489380358326067184466753605337
4.045865512768616552128289276235272270687429225703853612209865486506904e-38
0.005205666452115328895656452695064666707013741342331127886868140367391306
-2.693984165015305999283606933162054537388305094008810094279440286253156e-38
-0.005186706533503225738774290239090205305337346963010178111271347130890485
1.793829503363807674981763449284373483483755119643885570058113029684607e-38
0.005167906981984261182418836405301032660838002545816276082023851750126057
-1.194454992949753624270086141490816901448224447880445091097409997866013e-38
-0.005149265676067149497971310710600884205491073942908357975009665624837259
7.953547835333777347300376879902734637944740755540776993139832092709309e-39
0.005130780532352186079985957463249463514529167005281214630882120470567615
-5.296079074074196080444040488250912531949307571276235024321859111647434e-39
-0.005112449504668958506152407134778169638900018234793933385408915769399171
3.526553340695643446755416773612017496447716101182047747393907314993737e-39
0.005094270583237577475700599625132783367836827341143694320149053299662812
-2.348274507766658239020397613583255406405144358647591732302183424878049e-39
-0.005076241793852677994658674287476224944968507085462724932782663870850273
1.563686394766415184256254532198027701154010895627431705687639964401773e-39
0.00505836119708946848272031169837569201039567556905544391498126556013309
-1.041244730950153797404667380572132133590048024660835001721499770981777e-39
-0.005040626887531131664929336132048384645314894181879635139116907583101806
6.933592589038335789111819936769647640835044933334974177365509543531408e-40
0.005023036993016906232710479062298330515066080191552500300184401103683265
-4.61706664829743794822175983846467036153105131140603042605032870312466e-40
-0.005005589673910202361200360717057744227844874391069352282330700609730339
3.074512538399157816211949458121970323393296115701331748085515691366005e-40
0.004988283122386127299203266147101487533268166740487526445816991521680423
-2.047333876890701493280969748309215703136224217023751170859936462131241e-40
-0.004971115561737819447989656720673689576574140136720883040654258127775443
1.363337358488846505638690492772918163285604739559825562824251454099545e-40
0.004954085245701010657006886080833258010247739568115336530659437885508701
-9.078628322426053610876861553459111988272625899023303930319256485022667e-41
-0.004937190457796256927789025762962240303158115413122400366894435313427217
6.045599252542751462070292827067129474869958863774509897793430914524806e-41
0.004920429510688297369424187240160025577506414990398223568791474704380416
-4.025878581033146525638447906253944556924626162340917797441866443668305e-41
-0.004903800745562020125533540726745030379294872990371284658454846544497635
2.68092193521561372716858260823089865130845173885341687825104914844197e-41
0.004887302531514532127784741145590612255056447692049679011204556613267804
-1.78529431755597740568464070666111972996917034369940321415000587674641e-41
-0.004870933264962846956820580319566107401593129839342819214124939154175499
1.18887889396584436786639591334069353083822668634753700384442056565722e-41
0.004854691369066721838902156583796549159085065103484673295948721365836021
-7.917125561204340464937030841834272048758671697118614025679385561728417e-42
-0.004838575293166190904849820264773044369400072219905706213373312022078613
5.272293158597882916102587933792154739792770605136782334007235706131048e-42
0.004822583512233357314930089229707724140519542036862171667802794839190184
-3.511022823203558719006949785989751220670105631869236691266039488710353e-42
-0.004806714526338021735780167900030070057269530668295337266178792869546509
2.338136278465636483534961260184690385239372740883205347161935994417349e-42
0.00479096686012673896863096262826067838472929660075620015263057544794876
-1.557069638114990585116984457073594438630090500802433481383990798715642e-42
-0.004775339062314908296145625572422855178394899405777130737019641934434165
1.036927237563912131513412185189818668850518212184777360051773367121151e-42
0.004759829705191516361168905010369829540457834958088458912514122817766692
-6.905427047803181470261866138221097665199770949123126334541636740786573e-43
-0.004744437384136164136549425798363111887548705247025482972274872683222687
4.598697006376910168489944187012268776438790800005476130488290533496326e-43
0.004729160717148021811904199212857148118156030694987718965431203591636132
-3.062534780331045153546897297938251829334152547677548031033851246596418e-43
-0.004713998344386367230730157844101074756736912919250402079996589729236176
2.039525899736072601141037045577531340371434997310821172204411164312316e-43
0.004698948927722374878703833378853613004579539111167897072334373803165556
-1.358248910136810291260728300835903036821253750807274202940453811156978e-43
-0.00468401115030183336955010333897226106902607659235346748568419682825726
9.045476186440917035760827886489777227350115925402018313643889200550366e-44
0.004669183716118479915880225725476571939228074207064027177831137373285322
-6.024006291630663239592311716111866962239100336908132175116232132775112e-44
-0.004654465349597650425488361029180680427870396050296700306613338330080303
4.011818675623635311712038495559192566589720045455736130805070915350828e-44
0.004639854795189953644597539484050080040594097871538161339249909100916627
-2.671769918150357480248183993989691175538536917805353034982498270180523e-44
-0.00462535081697468719359317032368066164479636441541173667825624657064864
1.779338932078125949717305483207797216556294471758388796193136263774672e-44
0.004610952198272722422331508666043962392132025127136760984515788969304112
-1.185004929223030581036278569446702567708207357687238269613695172337969e-44
-0.004596657741268593764975845683897356757118701410093846807338894277594262
7.891934414600133216419896859423698777519758596264854163474588669319824e-45
0.004582466266641536711696600284203486192673906752331912557840260673209177
-5.255918204954055375373550303831724567396332218358262086989489697219943e-45
-0.004568376613205226649092676861844807232791401129354522396858502999160467
3.500382738524473520723207967468390220812983949461926254990745754668372e-45
0.00455438763755597866491576736538465652795285263223874213125393884348171
-2.331225364156319216556462426370136167486070583585239949927419202984847e-45
-0.004540498213729175977144224005775585777162477258852300358841748319544572
1.552582768602247739132269044434601055114912748426586253957419848336514e-45
0.004526707232863701943693512991010468744412392061030578603657641560950362
-1.034015444823757333174512002063876420885797308135443875623005002311969e-45
-0.00451301360287415764762202235136088581481933637787902224325557118753076
6.886539412357041838499878450389022506313364516197825002983549575280326e-46
0.004499416248130653843693846059021436445723182966211516459256714395330404
-4.586451260041478120942476298927246904768985380891211405005658089775839e-46
-0.004485914109145972605259043933886598999939944199897229573566507291840341
3.054599299984503621758589510400793983087888315590533209577392015621203e-46
0.004472506142269900334857334581984581441921974797133762146099557032877287
-2.03438628564019583825569866788605662528944451486383884536881385196966e-46
-0.004459191319390539906598724263366631668136468681182293718236454134486391
1.354921967036629752938585025918364495887526677554395577238658152694101e-46
0.004445968627642415601703039052813992736270551043932945239108127446028925
-9.023953069156454041494956397691799550193359073367175781938003784496543e-47
-0.004432837069121190188709310544204204364749917591147043433854686041099252
6.010090871882651024917045756207112061153184188198681605812610892677322e-47
0.004419795660604818994572406794095758270406958853902270167298488185202859
-4.002827755759075905264172351968079017732837595259959405028439165166426e-47
-0.004406843433280971119598226344642737120127494681387256388964592140918866
2.665964777100501060721857890613576725991342368975396545427580121560745e-47
0.004393979432480553075068259531302723769182758638019134258255011271558008
-1.775593472582386492110285269242384676093286684833282041261868022611738e-47
-0.004381202717417175074309715772161792260013700717888032390911097668644582
1.18259023303883699647705658085864188292670314910454263270651723941286e-47
0.004368512360932404992434860438293555964619230543061635793941930047900311
-7.876379604991822770279888534037294002972530552135604394875812401505879e-48
-0.004355907449246659633287494989604412242784213472168077623714794652547909
5.245906924314095290078817065142643519863711083862664167738645987113982e-48
0.004343387081715587410321325821113501907186474685921836978643768742675769
-3.493945298973045268890405804734680883746912075639860795272286075488636e-48
-0.004330950370591800866972492326525137450921744091737743492774346121203437
2.327090047044157110655462711291872766502440639585633495681929542958561e-48
0.004318596440791821637118538584218500873329899187880555896661418707177782
-1.54992909503082025972592116791403799334265376884495011730049229568642e-48
-0.004306324429668104482754508835050021584198254595070319917219562818481127
1.032314473046540366402266098221659023419921930919117281887025045968144e-48
0.004294133486786010949163661274970513756135827333366645010186712097914372
-6.875649556768500651598193759788979687848288786690497336017966971332062e-49
-0.004282022773705606952509253117546693636278681005829147553324274163482167
4.579488473493741661781687698327492064963795932261591903806442732155673e-49
0.004269991463768162265621455399550132033708538321108424603868300708556755
-3.050153642509710448241194804990661969207379148711188140050751607122639e-49
-0.004258038741887233399307645005860004336776331403265902417040424895990861
2.031552078302954875865205590763488686164525696776529820661998485206749e-49
0.004246163804344214793102708815579696547767442727969878057345241842488351
-1.353118058348023506684251580792657280496277050453170391669652168735983e-49
-0.004234365858588246535153729557946158930102699085197394309350719957519043
9.012492077296319832978236573855929993256235742013836529073475148220263e-50
0.004222644123040370029890673031597061980918191897069993241406459223424817
-6.002823398014701118659187038431117514988615807189350934638742122653069e-50
-0.004210997826901826128103783298834068576020131318867196266186723795309731
3.998229245626688552600441267762938780197759694541892241462104926618844e-50
0.00419942620996639323071059180155875794812394747759839308421295815676473
-2.663061892068339512385889385354497478964599429545105458209821864597869e-50
-0.004187928522436665778387471292597513962616501703474794019817593961960428
1.773765736570525059195322327136109529848206772356697656089193484458316e-50
0.004176504024744176347760849871502876167714556693329228851503451029056724
-1.1814427612662686675766496042606941368707128893588472999053985812076e-50
-0.004165151987373267294267395622571672797621136410303061903056785744687233
7.869198897268009515924765568369949628278391511509830266042511289391395e-51
0.004153871690688620515239682481775573100428023345489488555866143934956646
-5.241429654518744227394560840628426974827681986184511048788216792102578e-51
-0.004142662424766356457271556811357449495180139167040193412342226022309704
3.491165143685100851390820404650546366822781580339552867376822530818318e-51
0.004131523489228615962366776670555830726862913890625910775115661927649989
-2.325371827974936686301740530718097980729270403488219806567071215085208e-51
-0.004120454193081540940565145992787318440324651455587296273927790369415268
1.548872942354037014806868983287759629138056802881091732945103810503057e-51
0.004109453854556572175355152964229306404449197647878254328913235117067076
-1.031669383431232775276825727432703643322586611991587846090946756108558e-51
-0.004098521800954984814801524893627183702785900827412933111767884872310817
6.871738824615354494063664950780368824821159208191615844610844004589247e-52
0.004087657368495584278422503609724041454709643986658233047840107560295027
-4.577138891619683774671542318953431371982491700942830898199848333423122e-52
-0.004076859902165487419833355286645439363072003620241722331500641011789022
3.048757430578631306361604814360319106762856857325372291149295919325405e-52
0.00406612875557391583032782326528438966428176230284816434463971473849905
-2.030733707235619250753653867300899909404434121060161929542754884296109e-52
-0.004055463290808930151109623536107982851741584466350585053027896838155766
1.352646767863095292392111606952741727438311567812521871429348866582584e-52
0.004044862878297036183940469387687643336787765607529486074777586924517823
-9.009841011074936317962911404725584467613172300101009700472254769023137e-53
-0.004034326896665595453588767057394362338169492406945091767516320964512929
6.001380370650683594149198664801016883790397009790148717590263860462737e-53
0.00402385473260797468261703047629231645818267411354408297306986485469252
-3.997481552655860246477501338677545040148819348752699714805577673968079e-53
-0.004013445780751370391636006307410671806661666203175134992711517813895479
2.662705056639293675969231974017985057335284969463773634296176227409206e-53
0.004003099443527246538009027997981907879813036293597271943877779616338831
-1.77362143594311846691567213836646960789499310391244731212737880576176e-53
-0.003992815131044324754873367548792031841290004679974025906112536263167149
1.181408408446996372065211850912273325668617773654506758577237303622355e-53
0.003982592260964068351953760314336957994659658766242403734846445972370417
-7.86937860190701121728078838221599932692693059172123402542624178032769e-54
-0.00397243025837860279161215986311206043826965470357898442277554589330659
5.241819572088367768263528564921126889511312791618672265241601841890533e-54
0.003962328555691016859482815759809292093914823616945620735024372108603006
-3.491603604970194485043622048476031035163610490481666000042156995437676e-54
-0.003952286592497990210401366091560980279090140892454472487349595082061851
2.325782118395242595717438706004134631084635863092428068763689212972831e-54
0.003942303815474694388614205311615846526502714797861479064197463200887699
-1.549224447241667261980031289256593205079065289334056742552634327422239e-54
-0.003932379678261915797860501373312904668572385739091371823897433114831757
1.031955258996714748820539188178326438274819519163930148082428667844977e-54
0.003922513641355350433213715129305027049755720165972350855447802156525864
-6.873985313753535703521296142662057336130542731752450533791925642565997e-55
-0.0039127051719970214838633761398758904948736371123116808734446861401424
4.578861714210921052924127785101786317388132844906091881672742516970409e-55
0.003902953744068772175575389708487571635550000899355971748854329974658025
-3.050054810439992571397454316122620244804465161157100325211095659412608e-55
-0.003893258837987787444609452915706076159902299096973829507415487880087881
2.031697006314577715010319612325861222808614525841450977753996049913532e-55
0.003883619940604099222571118675168784087492898482156003397339186304807923
-1.353353998552760773617366544489291896912292250642619175407849965775643e-55
-0.003874036545100031265167930099817961445455191404163413163078321308224102
9.014985767631872147341519898257336263746329643643416545866214108112956e-56
0.003864508150891540578218108533961060673942326934127212084539657084397648
-6.005094388325388023918053678373029085773538026816969689653545543720399e-56
-0.003855034263531413582582302825312475052030566398493937342387379120450915
4.000145429067039259363684365591009042340379892466172645452442357710617e-56
0.003845614394614276216972683259293657293394895461841721782269461379732845
-2.664605170121602744621200513157242249248814180531658197175722017661039e-56
-0.003836248061683378204822395183720538385969414576063041073863097395518167
1.774970285202011202133654651406256913121210939228988143270923810285342e-56
0.003826934788139112709521048681125845642214673719563842746666302092140932
-1.18236192417982114776835991115089626081973824163392034352158559612841e-56
-0.003817674103149233572254553945552355859370004768675274373661300684251435
7.876094259452953621205158895052175157113705657911217597626124438075875e-57
0.003808465541560733269314572987560935296173155049687477081842670640100117
-5.246533956685715565078386758900172754378574951310103850954596724292855e-57
-0.003799308643813345641918010313546831066324629167987022657359917118311146
3.494903410503008953537460041075462698409842617857066672725213877787e-57
0.003790202955854638342124824937066867950592270847523215623924067689106238
-2.328085717383637418745076974190832662527325336131624829493655947415819e-57
-0.003781148029056660804159282361349598879654458673735215354977819937433297
1.550828765509627466424036421575278759326826178901291750035259386549845e-57
0.003772143420134114392094653632482665763209605645320481982971189114980268
-1.033070154517564633823211524112734429699585354479784531078459408868153e-57
-0.003763188691064012193197203440296363794626633975534939238067442129333867
6.881717819660528833247970134824559466725121588411292644834152569786862e-58
0.00375428340900679672195977457525534229695679090380798382834957812413565
-4.58421500593202130626147697770530751913170627519986252435459478592932e-58
-0.003745427146228884573681777868983459465614265581461257100968392592144137
3.053754791915473679211992731893727300192866143075525364139635049027814e-58
0.003736619480026607819040957996538958583343678553649753435449705477330111
-2.03425036757199640826413595950096510681789393679567363310619386167754e-58
-0.003727859992651522663100425278844644488363471002455286924867594576893739
1.355113578032081773064277920217491588678413681964766461679771649224633e-58
0.003719148271237056604227922179543038396588795213454099200058135585845157
-9.027095481983300410705759443753155704152937366364147586169765313750281e-59
-0.003710483907726466021078024411494147667779069828387483669375053415034837
6.013418294137244597381935297460572349380879353330867694230218340047134e-59
0.003701866498802076789686708981765914990510801138921557888024636688572687
-4.005860538179620669780107716925090554193692824024890908844010227609262e-59
-0.003693295645815781188416789397682399397432088127700683878670698216426797
2.668524920286062983158849337715821196920458489973268676219226317945399e-59
0.003684770954720764986518744075615464136765045986975322751573758342768281
-1.777655988763979806947507212389858675925498991502951484447775839535369e-59
-0.003676292036004439232963033248182678576904067726897685258432089175591583
1.184200367526608989249731041863330336960819919787083783102180585588551e-59
0.00366785850462255186646830949913781520033444933482937402758439042206562
-7.888667847168826162731677550692977033724989412172654031046486198753101e-60
-0.00365946997993445485578940958973234969077177078853441516623943113919672
5.25512621213032286344396393896488522885408670820332616689768143748961e-60
0.003651126085639503151817936739599690004739434820404590248887739691533744
-3.500770389015007747497004727052845704360827250891889819445306013758278e-60
-0.003642826449714562290349279395384982385739884053207569251807028770340501
2.332088848980082185231972646068566775719766511788773624195917123687941e-60
0.003634570704352602026930705105619517734342421627569407487527036309117553
-1.553558249212177743349839904615110147506073574915069825737636883706953e-60
-0.003626358485902353913458853215577873488316599839714723927052126007025399
1.034929980459657430656685114962092560278891506363186527949165904358675e-60
0.003618189434809011240560673055299165868717284258576966737313313748605217
-6.894382375020517563336342520663951664944360968572324754474768588800483e-61
-0.003610063195555950270675261576758899692873279455259260136995024435107354
4.592833810946425677333317069845147171890613923867225347537154825630744e-61
0.003601979416607452174547767352337712932337101084837433454253189632137634
-3.059616932990361913379502903789152224602578337062219911502199981552887e-61
-0.003593937750352405558930598511659072927841166756086751389814167442346971
2.038235376783603028985128976867561846680712280644898015543006894244787e-61
0.003585937853048969936029521826263337293516833516459046324595503128176977
-1.357821132460818336469764731205018951549918793907059184205537730840437e-61
-0.00357797938477018093598908121715276803442951189127688425602891866375927
9.045482448274071549274561686593529488776309397908361136739509748406088e-62
0.003570062009350478502828006233169572663833862833816141077157106459638422
-6.025898953456358797358354071524977037975258209235876538655960240838341e-62
-0.003562185394333139742044922473176138123412106090629651477793069848415049
4.014328296937107713376113334825239966397857673206816994674801320705187e-62
0.003554349210918598504941178854894807849456301224366656416278083374754069
-2.674267556407134971227822562154588227781255888002775455264633698804292e-62
-0.003546553133913634200864260030382882840704027896592097493800335193360529
1.78154889418544205084046754229045017990639428832812590117972250099609e-62
0.003538796841681412724365520412827131192193156486235710522731125146085432
-1.18683829909411847422483977393436248187747418014398914046927422112439e-62
-0.003531080016092362769983834644395278918011242750355904818202348446749252
7.906536312938430946525024802362030948704129270821605934604393126506169e-63
0.003523402342475871183297017841593749742901344176753995760093178568342543
-5.267225271765537322426824704980605616837356285134490715849341109621863e-63
-0.003515763509572781363301483504627630912156522403474554451456827734956703
3.508959990278913450224840112391072025403347839287147912728278290709801e-63
0.003508163209488679088354979432964890980380173180470960284910508014077943
-2.337630338465697183854166113364016141992436090366250888552108681101819e-63
-0.003500601137647950486106509175203244419934558309274310902040918865166321
1.55730667049936432971761789266733354250670015138801323337778202208217e-63
0.003493076992748597207292858680631702372887557911623531580534646592732973
-1.037464721613889751050630646062548492170050499004801576320983018252571e-63
-0.003485590476717794194245936821182978075839978395868956193324758823407903
6.911517493517897918057179160992481342535801277605467922103058095034113e-64
0.003478141294668175757665376444680798570844607291299650776425176526288862
-4.604413944380409872165117042678891322542336302339638770532159300864873e-64
-0.003470729154854835989895291116786113365699931629635088378209238338022085
3.067440727070001434037532587777043042273926139760573560237219146378867e-64
0.003463353768633029849824532766535296413038977600084739259446492825742647
-2.043519864256467458270122606773630849857811986818701962298949824365129e-64
-0.003456014850416561553821299172287591410318077681770593739990398654460396
1.361389535957203262453292827908234712711171376992252425329247984462971e-64
0.003448712117636847199024033944992415821524148821091770474449259550208336
-9.069572319326894272414200591152077810438214606465446855218980466686255e-65
-0.003441445290702638830043481133174958327904317743552116107246297362929962
6.042157737427059722797846934992745412936091305049271057578295165924097e-65
0.003434214092960397437881644448771412612619629154256320825946773986286577
-4.02529909374472307263665134721682974626718142045813554494706171152173e-65
-0.00342701825065530265083250706602315927492005407800907289513310530129845
2.681668517247180669540174176516298475429251301292742271773125864853728e-65
0.003419857492892887141481241648931145730908982986146889050348250186646246
-1.786540508397275955192492310875611712904410492761099413027581474837814e-65
-0.0034127315516012840318423175391167194279135147142448553555739225643414
1.19020418891579552909774418989825414376876176818972089916485179422643e-65
0.003405640161494075830346094430698753825763580095285891500544307504437291
-7.929228044005431487661419597108418645542703755190706596950938517647456e-66
-0.003398583060033733679966719882826678309319989395222273117822895139867423
5.282520182787063809933107300285722091156735717269175112049323327677681e-66
0.003391559987395635936444968304367011290545928239703082432556969723803145
-3.519267185554297897554155758932098830208533897781989843132472751126561e-66
-0.003384570686432655329456785634862726373449714548043841149392559921360041
2.344574995313628311420772006309066830895255249643824283827272204727622e-66
0.003377614902640304187865773960508207778578053494385590067626582879189602
-1.561984886021655098843699108271032174687142140302627973473741713913208e-66
-0.003370692384122427433025174168183711219765445646739690757526940420441362
1.040615596200901901650304884882111718693412879613277254742865418307652e-66
0.003363802881557433261607211194441796107533126636119756251826815632434741
-6.932735553953207817738485636659556683691669286477919741915704475370337e-67
-0.003356946148165051651775842507427306398322359989310658516150522922902323
4.61869979305069340689919174682733951320931468333858720709866198719748e-67
0.003350121939673611033819776646507418109718882536525567236785242363760703
-3.077057608211575276250381408995356143159997927099903866166677777273305e-67
-0.003343330014287823668758909339360506782159368832272192661429303372147746
2.049992665213993992280980286142093003670802400804252767570587321002274e-67
0.003336570132657070476058014242226439059085449688713671676417361852375868
-1.365745476487205360188775199637283079951615774628692206503030190029265e-67
-0.003329842057844176244551849624463324263482099576589321938003650014884203
9.098881597937872329676913915537436634861495099672907529948870452805541e-68
0.003323145555294666349127416371493138498202242197163234327068303345196381
-6.061875769033190104668187823967735985179760246060818377820383537633513e-68
-0.00331648039280649627974004415347427117238591484072941888303204936648261
4.038562617138559111288070965476508304301438510414701738434772121374128e-68
0.003309846340500245469075021402159750724134689653801143804493485462848717
-2.690589091111029952386952445798346559278923673401155932773617657525031e-68
-0.003303243170789767080717068939446643105985385286846072354762085802923964
1.79253934141743993537530851799734438774522982648481361699598622198778e-68
0.003296670658353285591164355314108186583690923775690788342441733920588931
-1.194237691578810326416206182910606337225444710560493653687512903874298e-68
-0.003290128580104934166527152141639346798275652677400951721981588598081395
7.95634500179037711498655732642576285354943452232191342975754793174363e-69
0.003283616715166723998385832984092454283133334371219068488591326497137328
-5.300748392678521628536692892398133776212264974051980496607850719259961e-69
-0.003277134844840937923148039843869425541962684850449122693413864869522623
3.531518787061918639308477848404484583593982666617611477700977561791708e-69
0.003270682752582940805436984039780874087067409405605874839179753744931163
-2.352808576873099549831133901679137005206013379653076485299677303746436e-69
-0.003264260223974399318655802793967641642643079349445844249279792842697617
1.567517534337225652446709519711761125230433896363732870103515279221967e-69
0.003257867046696903904997815242166176069213953840698506367866754021984082
-1.044332890077913679914549399818208873682510003355369729314575641620022e-69
-0.003251503010505985842898014625561834679262700292063280747696210933909499
6.957708596633441902326397987395701414445543633388243844217849199265892e-70
0.00324516790720552249233332480891542810153700172608903033334744291680132
-4.635475000093499055401550163366841576184086086866021871848035815553575e-70
-0.003238861530622523927561766899495951773761268852076531537711560336368821
3.088324841406547517706000230060066078605355444415170247844239006810336e-70
0.003232583676582294302925126639747555074215304745268030590738125709688461
-2.057559612406419490707531761618094426935777759398446758949597239729846e-70
-0.003226334142883961430305130062801572689291151008098014412120709277318976
1.370826827283886456463257522993274877407462841058030698324101411692791e-70
0.003220112729276368176796480096907157405002712636197508921753706161087247
-9.133000394375160642244673011875140606736967741082550480483514868780459e-71
-0.003213919237434319418216214618521636437464131125496918546808723331132997
6.084782612167625731718461638414773163171098638268868999988212146909127e-71
0.00320775347093517840828049270022192929757087438726567704101694491138894
-4.053940435589392157120551643572030658842037589228538659476955430957487e-71
-0.003201615235235806544717879605668650345600790205056112706897782381994585
2.700911547837540312310755871116828917814299105712426792354394409047404e-71
0.00319550433764984063232132461427618713995303733349635774294933459407209
-1.799467712563393355120414611213699784708768712624139709536432332816039e-71
-0.003189420587325301859036272008669663529627230981548519422460347952419897
1.198887550763962845876206853142940713763394361137813763819475381339407e-71
0.003183363795222530814704854281749163087337406293792506569776354096143236
-7.98754897288424011943433630937278016014625582890247166665097357774732e-72
-0.003177333774092442993099258453280216994944175075321308232146538103839449
5.32168672765053829000747820106460852158630778938678385775412746169448e-72
0.003171330338455099326442785233090887695215049273918113984413737518888696
-3.545567528137882681687632746542643556892931182819703654735118040175949e-72
-0.003165353304578586407794824509396699212437022465822187614286442773799856
2.362233903670661134413332884648577352160551769279830177048654822105505e-72
0.003159402490458201160524320217918796663216481245237239027142202244296778
-1.573840486603256140024736090157094235570246817007252470466574911673933e-72
-0.003153477715795934815672094583225851470050007247423144015493683058107521
1.048574283701739367428046812154692570408952920159304291338407326504269e-72
0.003147578801980251157360924131115562993931670340210385357800043990224647
-6.98615734326476925547006592318056970721085695669425509308866769123577e-73
-0.003141705572066154093607307001558818039447365352598548550212463676607473
4.65455525844694089679084202185836802100864262655739123640452008127442e-73
0.003135857850755539704972796474657188126307167026493524242851248304927512
-3.101120792570781347614842515530603579253032387975452759965397221623469e-73
-0.00313003546437782801651656883969434312758262145525535805052614897040772
2.066140431434908963199542967742549502732255440893557822465958250066599e-73
0.003124238240870869829524160886306933952730506853787460673505970192436821
-1.376580608923219263739027689985216577697656812669622871367284542754924e-73
-0.003118466009762124038538355177100025250008282633563227453239585547049704
9.171579048809801149506905017407314116152328674431593958512511472932147e-74
0.003112718602150100946354035337166656237408785657500614048954470128213684
-6.110647489828658299842961353711490376698205441984682140846229346938047e-74
-0.003106995850686067174905264771010652181808392206295331362334707662667904
4.071280232394326784974072019040262348788426774562888247335257425251526e-74
0.003101297589556007853414442460180896595660473407171329523507529720511851
-2.71253535395223569442887666806394591481778400799349061519649691578471e-74
-0.003095623654462841846833571358908152991674921480898463981140342547879764
1.807259265566995926221114068190852267270189618602041291954601408429573e-74
0.003089973882608885867528714975524772319345741522759419633662344582084766
-1.204109967767735210185551903611795451467345078573900966692280378346834e-74
-0.003084348112678563391381789033509587913025588434705482207169426654197115
8.022550856989219460432764984447364138764200762545303103421684787894698e-75
0.003078746184821354376049038531152716507111853152299884518859040503603336
-5.345144358978857702520805019792788535671460831213788054560238213338195e-75
-0.003073167940634981854061945243942379634856745545969112035753804915656841
3.561287444672601703240567410792510567819883537094723492830038502136281e-75
0.003067613223148831546821943724205439718325412290368854324766205313049059
-2.372767826577350943321105575995441617146646817781296839255600071724139e-75
-0.003062081876807600717362258540515852624711859130942878241825468443934407
1.580898854954665588406254870577230230393071730953232732557532520929575e-75
0.003056573747455172550064519391430160678442090175918255681067221168257884
-1.053303544208001930629140607535529509233359364013573044207547648590663e-75
-0.003051088682318712414359742366269778957397671189543697424716679379433118
7.017842607362307405304549246576332638969170405387145433802305267312978e-76
0.003045626529992982436847060630439463999949964919390191897373789411753221
-4.675782669544742134196641686563337444192057052331872269076080972726125e-76
-0.003040187140424870872262644154415778953604656709694915353708553650539522
3.115341223417912857885579448743940395079798188266450980214885899034236e-76
0.003034770364898132828358110609731079388753137245163386868268053245216858
-2.075666307189158611242181761464406699295802565827357771178018275042378e-76
-0.003029376056018338963034113667993709636616105126333566244442596994013618
1.38296139087839013099708751713223140433627247276839467977075909278453e-76
0.003024004067698028834051609774753363792690814105906069419229280067577162
-9.214317631802320867446907131214575236336594594249448756170690960624023e-77
-0.003018654255142065642340675166779331069610714314457021414402408799965727
6.139272387183016842961117238660515624401983685311646835857062159501573e-77
0.003013326474833189169374034304316808272899884821586065689904957578499767
-4.090451275041967864149263685666415045090880437116658187370310607222358e-77
-0.003008020584517763767298290586300138681690455820341387523270310487811809
2.725374196361896139222405661876339326034922998939133547320693801154634e-77
0.003002736443191718317548120941690500334405771214816241937876174525546134
-1.815857013283157650654210197858426199617647714988255799132157326883999e-77
-0.002997473911086675129534607325691268691141194097893618165447369514171093
1.209867316922951724913705455325000747691008456317110540048016844649093e-77
0.002992232849656264805724948132876357600860647067580517652800496657924917
-8.061102227242740942511518630606054556876170564969817270962493537331202e-78
-0.002987013121562624153042875702800539089923251263901297858904034449513314
5.370957257948516801135561148779810853060282998325282106832350714114162e-78
0.002981814590663074273042411953188203655172569317923814447273981738764329
-3.578570231757402755885855611442146597764879657119762964730260352985298e-78
-0.002976637121996976014766704684097177975575120060617885631459930516913018
2.384338832876634756437197129167406433714389816748046314497824717914278e-78
0.002971480581772760024622573680079314720227824447138835491669393902030457
-1.588645419472636227475144578641747254936639839890409226459549997887668e-78
-0.002966344837355128677003435832649206649143671462029949208784367331075825
1.058489491750454837562370235231831021227745332348719702119410966970698e-78
0.002961229757252427217801271609579802077084589890342312541019535389918133
-7.052558501689994640344692790296344868053808207634008268029872935341096e-79
-0.00295613521110418150038447845037320364866220475307448993914352461917826
4.699021279525525940257910342401185769313623377161409928769756188283605e-79
0.002951061069668799740104519977592533013974618700818292460143442308024956
-3.130896357940276412952780013971733086665634219656525574962078309240729e-79
-0.002946007204811435758951380645862287256119055530730092284011671765479808
2.086077955928795399972570381530532598622174976962103529223424919315925e-79
0.002940973489492011236626612683405294851054647353164589893542439441480272
-1.389930024442589357828684606416075114429474673635410468138015650990446e-79
-0.002935959797753394528063350555130683298735788531714712581446211326729442
9.260957616469871254308365219728205040203929792613108272032356320612831e-80
0.002930966004709733650314711338285911321283615480769949262596178652768694
-6.170486577936566457738137971023773937948366406965838770052724527108091e-80
-0.00292599198653494108377466306253385879019280923246120487285444115996032
4.111340817444457326816491484653242197869499791682404958249342492804725e-80
0.002921037620451328073907427682880390065134279004397618442409069215813278
-2.739353617495660497105748569938728761310035552962518033209599858318332e-80
-0.002916102784718386160061038446214449028737701296453008095089775620090714
1.825211783186863094226012755731895175317818828637268948362819985399213e-80
0.002911187358621713697545599527834732490094888681091473608277885541938931
-1.216127123737241994552416868740824548380295746518540318290927119071958e-80
-0.002906291222462085177984476150263665775965659560055954016734500396987087
8.102988612733373544490504698079168053332715645982018680039116179832996e-81
0.002901414257544661191014035089915158720297452132002027525437316433494436
-5.39898377979077143856977356802368177445345263730274838813616175776144e-81
-0.002896556346168336907731210573788863096751642126713859969991614054925175
3.597322340478565057415124637282231611839048811563322869540231955136954e-81
0.002891717371615227002884244680672414572848452025174653915207249091868789
-2.396885137579167149828570274412561944235419563751830068921101498293662e-81
-0.002886897218140284968686214023367801161441381026323520650784478800428807
1.597039373297667667740948916622559247067111195505640759120594871597444e-81
0.002882095770961054808318799218334973285491905263867354071410214375555334
-1.06410517443508141606002255457911125541866205960435097975549951937514e-81
-0.002877312916247553131700207727550238069158539350779167807724247283885662
7.090127013427787046674952602885112327331678360461629749567719120568371e-82
0.002872548541112279709930894630705076574618951884503523916005024386300422
-4.724153512277317676077843833747600905411407112397965212540002220877062e-82
-0.002867802533600354578018062802381504652504072800319143714420453109321558
3.147708536978386160468586548696176903649856055216326367132341645623891e-82
0.002863074782679779808028848355886538523144859358729567973538699343540104
-2.097324083011521634606895272998038555691184087878185181619909557087008e-82
-0.002858365178231824106746263805583062124656940203055410381154227417983854
1.397452628554458409251036667632889452936590351577829799802794420063445e-82
0.002853673611041528423214713613182417440126407427283945363574280579575379
-9.31127520922338389706997095332563483312081044998175965062464467483341e-83
-0.002848999972788330782276234975061770869393304802133209244688043388053158
6.204142238459387766769313629319710099822695391163905188477977235596203e-83
0.002844344156036808590327266183047971902477991286339548120942831054203939
-4.133851215588069345735120182243315793952981164881677347462748694423352e-83
-0.002839706054227536689081123702275841257545118960775765244053542909005579
2.754409118369150705965226714273111600831194089265728045822791956350972e-83
0.002835085561668059462115605634095716239723839157158639466316386043098353
-1.835280969787086629704227725816743415211146140492167937537524836618878e-83
-0.002830482573523975327430079542355200575441892739341567095289755782438073
1.22286124434989663833792898518516682505033667807141203718260675199047e-83
0.002825896985810131977143627652796996956087871723335492531188453670251116
-8.148024101589475087335454896833804634130159923100227941913434318971456e-84
-0.00282132869538193075284661495510226667502907430367362713946599044708817
5.429101113898095472047516472745301799778767902379017115641631654037816e-84
0.002816777599926738571983457123526104554684984200108222204805328754858574
-3.617462642999201898837245470011874403136008567623302155363440107309172e-84
-0.002812243597955405847005182007526505868834053853967994955247528620931504
2.410353147554273135641038588392972518171620615233510710432868348703865e-84
0.002807726588793888864897138927956105445294057075517996204184817758903337
-1.606045312332401234568874378675451112574005445622246719164940225397455e-84
-0.002803226472574975120070210202545238429093570249919084310112553459271033
1.070127203725361007636298235784638644895367067013328581917608724145058e-84
0.002798743150230110118513179196115310531098359039233043158798698762300835
-7.130393632200900515940046621303888125130872097248016947506897339331357e-85
-0.002794276523481324195549338554051944033360554883111787665235381990193269
4.751077293296780439066233743836673925158175901895494008611186240554701e-85
0.002789826494833257913531586512241868984257663527605244345619499027025853
-3.165710326071192128166044442372541801364029886822146275314679524395761e-85
-0.002785392967565284629356544824399148685475927815430664826707405967547989
2.109360138053826132359533652267804674153377265292907935282934936834617e-85
0.002780975845723728844788812049373262810087017492363395604801194013354334
-1.405499770798980758051469932535969505568701492287208273502873958344097e-85
-0.002776575034114178975270305728818658990330709217620481025117501464366465
9.365075961292563626813362138148472330442170766639093838385662932842699e-86
0.002772190438293893195155508432708837077302045164713885020322823574360906
-6.240110902423990483282560037871906898517602359438226681692352961312249e-86
-0.002767821964564297039169879882569663223530519955347155312473886836215114
4.157897594787327742063637534215678165708686704089079856610146442157541e-86
0.002763469519963571461344101436476825403982410942388519447727358136611854
-2.770484623662042306058650810602826375598712948281515983075005349784759e-86
-0.002759133012259330073739362870408299346370411875260323855685815632932786
1.84602752463578909460178555113122964241831882442650333255069959117483e-86
0.002754812349941384307956583651339293777207885891643491568543390842268663
-1.23004520093147405395070056038344128704667924344525210759531271599435e-86
-0.002750507442214595262723101600043533461892050560252370653023165195971276
8.196046967615022572016224672369186785676978937046402490436719561492618e-87
0.00274621819899181102078160599419793695214516011112754220065804654301952
-5.461202405878480563460365369895109617421945951792033905519545464113169e-87
-0.002741944530886888237875414213317466900629776832939915587540904638592628
3.6389205386402731735258587036890687234665012731950999744897571488128e-87
0.002737686349207796825838899015111686901804488667611155171685014247903786
-2.424696215145575125939069310532867116222642336904806576594848502838286e-87
-0.002733443565949806570669113128748522282493595725065503844133539222217086
1.615632414976333299652135110064796567605270843417948223945888168127235e-87
0.002729216093788754544981416291763472609955090124643316243990694852248531
-1.076535214598172287116041981482252097349893617586718325367682388907917e-87
-0.002725003846074392192445019780039627167674745924263236980928772568221574
7.173223797089580900029310622118422437652779139878321156649300041667745e-88
0.002720806736823810979660506650385060741642317315367949022710165767337948
-4.779703711222194727843273176060044906914247940326621347898012128456695e-88
-0.002716624680714945528487096862467970739934435640633303453236528545918197
3.184842976309392233107791294736452205721170252435104799622223990364053e-88
0.002712457593080153159059096003747320665824365975775268409005093608518867
-2.12214730185913171189099047349288473745405822605506850617161033190301e-88
-0.002708305389899868790654845089795576117937118672466771463624377319117009
1.4140458005824296291081141780200597006280947283223218185985449391636e-88
0.002704167987796334164203690542409824396398453065768452767668596921378411
-9.422190379429209529938811642380786308470239411246741335897659492891898e-89
-0.002700045304027400366542998025988345672821981660023313865612184356874532
6.278280571527625815811906619082975141041951274345167872703156091346495e-89
0.002695937256480402652573890978883992812085093097387646943503725945084159
-4.183405947753387033832300701268663517550359904707693529232473098436763e-89
-0.002691843763666106577216926707638067173810473925197091229463857887373659
2.787531229696728591997037504876323755452802011999668625954474653296434e-89
0.002687764744712724464542927805219110706480815466345979071867130853950971
-1.85741913211441103018677028101577354154322678647958108125188832093408e-89
-0.002683700119360001256655141032761623142804740952942749734640595332489469
1.23765763908498584383514627166054578851465983556736723298275154741127e-89
0.002679649807953368799832157797181240559589854454489748940420645571795288
-8.246916098145099505107676437396197210136628850057538848426932227780519e-90
-0.002675613731438167640111842396715923562044425116072155728929629786142799
5.495194405810506706835107125375127630179984805646068664910933222061842e-90