0.3328338409500974281993837294875702133273415559545260646134268707166752
0.1327814915033996143096341310634391923443301640960826968630240956488056
-0.1765117994581340273673824299452314640215206352363127445575068678416107
-0.135519542278762112237348566654686278065013080753541755458026014042035
0.1146477767988362848377140544153804650666292940573494008533850820734174
0.1272729817022869116524876108637963007228169995446529579688567419498388
-0.07849396690067507047205418814552154047257222005601423036322025400237429
-0.1164291240867951781390166757195877421078979648314167264317651551058238
0.05506828707583127537266976902796339805866894956706424813361627071625577
0.1054721911286471279352365128855125922508147748945793183941839904921258
-0.03918177315081907412230205055756698584779370132857778840810893331188193
-0.09528340143599795588120429396219300600419631215581015146151121476512303
0.02813526880841523680077343149388572384032829346170351972002960892031346
0.08615028974459059121133557724610337164066877810774812489582027744792858
-0.0203338675588563339973762795654688142565248063771431408186098225156585
-0.07811299450364064363514178136053847048751892574275271527043930003904533
0.01476613695364459572209205605809068133888892495054890805436818961412521
0.0711068141936659676136989545555504136168639486343335387675813831536695
-0.01076257928117489601856312224992287876992370293269990415880757242781149
-0.06502664330636120409388651454538122759186002121939509927394955543362011
0.007867548515498520027860742272936439427892520881667557323272995548075926
0.05975725158942992065318421514911217188039513054634401836351906612399049
-0.005764995863719550361508636487205379709679402809823456842674814837197152
-0.05518739335290203383258659120049120925991504764907424034826095312864093
0.004232710451705029358236801615861249473667840420075103729632298394796599
0.05121591261562630406019963201522289413010827854528510965262517941989546
-0.003112885556052703177436534456755477566661675641056786175027743693551344
-0.0477538200263376237710852778274013197780265478193481475574838606841891
0.002292594700234212757658970769209355467595868352060981337892896210166245
0.04472436761861637312652332572872507719623928462571202652041278446372772
-0.001690545714370351601262917858276699267223471950439136233408378758884321
-0.04206218111117355102470137786942656729863781221113622326488872248066717
0.001247940962468350362112837725723781756723625391992989373068612389546027
0.03971200864773211288066939163827268744023338019896903578638016532779831
-0.0009220889445706785090566873588100791250355837604610130633669538451459168
-0.03762737738955185545361522727128705239223616068419128221059579419521793
0.0006818939703992816991970082515407252544061684746736046602946868359118712
0.03576930401342467319957127267235521714036886947042115004838099324932399
-0.0005046463975468701939730022775029447267519119389178160092656212618087607
-0.03410512578267819700899524219811423999825424948816889717417499370899968
0.0003737237935660147397520598417660095599332608630545610123556089414715031
0.03260747590273789637034136656668945919850248751959933183562806288969659
-0.0002769359235367718564804083622057921442959011495822978957528517349226624
-0.03125340428980520205757898421088905602469304786405967834150350512566346
0.0002053281282047642367349141467313768163967659362298020897886029578489966
0.03002363373217744198316611565546110042684525342110174085226173551525503
-0.0001523130281742693241330488908459815888823977521417250879803184248880995
-0.0289019366469712197468943648909947479489745610667154935528958144299495
0.0001130385625533698934286958570233640453181056432874914606108348566506864
0.02787461633529798012326052870096414544936957473543448441662679032258991
-0.00008392685082292096955338128858620135037608780419790083349971038191622289
-0.02693007715525332413038110863916542010629118051941019026254354217597343
0.00006233695826872059393618753935003519032712059323297830305598037170916647
0.02605846941628034776518056553722230888227878678546774657058602936583164
-0.00004631780023746262173989212206274206206663015494100188557048294787231528
-0.02525139651768617672908767283035874537964696495108990908271316853339654
0.00003442678917445294939565658137035090020599747122964299092760465624968734
0.02450167361807055066567580050056213543495289489772677441711437208819657
-0.00002559653709401119248622693621331751772270252304655023622211908710874132
-0.02380312878215084254400199329875368453523997056609770667425532019026184
0.00001903675227383378878519545358935725441350410474126240240636214162697129
0.02315043903922224530206427571320721325788816344153527284715419056291741
-0.00001416195449534826615778454747838236265397477377808931048775796920097667
-0.02253899508129895424726176668409232889416813986769883556024120049263704
0.00001053815897061696026026320625976322649249971284248428532024928835806892
0.0219647894315615919185552042903956805916563461162529465267707517876342
-7.843514787409377370830976672659855027047569620691935986431716668597278e-6
-0.02142432384015033085344928563740480810076606315146260443682726209650289
5.83922120871504592440977464826843850385450149763123896596661991160394e-6
0.02091453243486757705883410375555786960239622686377140359813961644954178
-4.348021839357671460406841291449201138169945983545345360821281857978905e-6
-0.02043271779048169547203504985755948408400739544187076474036325730156784
3.238291249837057279996568664078645151246603440669034317398370200796301e-6
0.01997649760263944239228805906228921234601205666673249179113334310129959
-2.412252359810097645917009903377744465684914792040725671065193330032653e-6
-0.01954376007955380766477378363247662158282828867923271741037190010465456
1.797247295985927815519777064475335193683766781517569984116419315562394e-6
0.01913262651297094977998690360021148213967563303536420227813594196838554
-1.339266986757531195255037806279047667353292859913619587524319261206754e-6
-0.01874141977341566100943823579492604901990997153790358947239347894071125
9.981526843190369011700666608320368512506632946941891924154080800211211e-7
0.01836863770514482159134017776780550653366892380503407675096792198488859
-7.440357882491266154279578165691888557521760247479084628454160314320093e-7
-0.01801293058340594268629501585608704600102078520106987572845894787976326
5.546953078820278911427178202925639745520833655278657730679317956378529e-7
0.01767308194859458606046947565610259177368011661302187482786586349493328
-4.135956790022739093300945864165692209861431666691811893041510624197642e-7
-0.01734799225536550020875327915842503544685206915180467113578384665392609
3.084292419622637373110794280313353665727226932162911023945513008298478e-7
0.01703666487509238068696106240456086024478455019650994984991808217702767
-2.300332198763648149113656884870297902571364649396270954501633796491652e-7
-0.01673819407169249694911941969062722833952067117085537231604987725478352
1.715847176356694458603266916946417630971140122963779848714536856876291e-7
0.01645175463730431910684012662790315737761135245188206387960281393763508
-1.280021944624577405441543247817486389717210001796272328095930827918639e-7
-0.0161765929285168632958028422596737684709974203691631777140013417615931
9.550032834279064963914179956343948556807408438971285639009501955509706e-8
0.01591201908813247247607861638439082758914188036515517742201445792461705
-7.125887430840854888448018182764112186129525749728684469148805288955372e-8
-0.0156574002736842195049601255285140957056596541183545180757928230952342
5.317626353941964066748798880202699418592180079226386586180460793753456e-8
0.0154121547436454067096269107472101371817902884135058649234957130444235
-3.968621515326846910013756981552659199952907610159666074664575296714487e-8
-0.01517574667668847890454669083462239628050381960236482205679729579225945
2.962121637888533287085131822169213132360861224975131331888498541916181e-8
0.01494768161946412592768662166739388337950517894895858279449105444492065
-2.211087192132584801380088779077736171760600212581484105242188625231964e-8
-0.01472750247497788323046318662023022870192739582372341766677020108068415
1.650620153532840086833562791034227686238600394445910450344455485546022e-8
0.01451478595738718509609490047133074684859437272358419820810974994461024
-1.232325153630288710911540665406325901278087425683489565271938470934196e-8
-0.01430913945044916460147779759406962048176870045543595264324712950689195
9.201085251722580546682290954359320944636777768093288458201418324431304e-9
0.01411019821634174351120772072165886953814493460960538247727619741732394
-6.870480543865444768145238519634820715864708483508127376121771301777342e-9
-0.01391762290950092954380149376089247519371624766417474375662029289116739
5.130601727564341341619284939251724739110866356650284304228864153944416e-9
0.01373109735674450377202472829899776140504784495593756650525853759365657
-3.831611725914135128900557534231173797105387724221779949096825510588302e-9
-0.01355032657051323845343251246094410747752208232525986511138411892318422
2.861709957919631594866802703062853606475800530641421285531000840546416e-9
0.0133750349667402954775680008743122618316813507094555752222163383148139
-2.137468129479854802365992312440798963362910253978248656592060560732587e-9
-0.0132049647628084867827443209165645709362934753361269253494363020798557
1.596623894471467378524896108666505010927556435785637812010872751842464e-9
0.01303987453439717589469465902427385971191049396114050799397764219143872
-1.192706598136997262972931665423881703306950672612910167768025588439119e-9
-0.0128795379128570860388428361821155730269351440211570898560929479733183
8.91028839479163329519504732569800799730574235714397249999052350448694e-10
0.01272374240716543802587268349536828653552178646675195836977571983367299
-6.656963921705707240821085096949709106210102690243602502839607434128952e-10
-0.0125722883365742852267057292771026949059414017199618605059320257860355
4.973775157778159268851505234071081724312322392989806500296198315834854e-10
0.01242498786182830900795539919807003792677554104631822755890028155591388
-3.716386155527283856917786163485741587877227238900708686236216810036337e-10
-0.01228166410434159780603273800516479936326193266516009774806296351996053
2.777023321664138656140120824219933791852357273147828136673170095419214e-10
0.01214215034402499039218578430427977033572138075156281707040521085852487
-2.075207511705528678461222883443146582655139415638712826715056075200374e-10
-0.01200628928757881312195622346990513434782038452569735329008514792662434
1.550837080564340798418118905120357742728753147868633871957324671369741e-10
0.01187393240003730410582036662358994859967986869446694663137503889039446
-1.159025054039560133936338618874536565211730021088438381110607530498386e-10
-0.01174493929319329291600481680589914296102776753956781642022903947881131
8.662452377495155228473911443750006890205657417529480014303950812369116e-11
0.01161917716526374068286158462238706497935369083763455230703674386813334
-6.474551604113927480462754349092600638132361926781314778513026423887291e-11
-0.01149652028679447028995813062083531273201766613522231481693227034329546
4.839480783866060904898036989792861455136902305526781989635472159798557e-11
0.01137684952835925362771257781790763723003479418774926222220131246104924
-3.617491653940227457678870909804066107903852249114096190003730930561324e-11
-0.01126005192609571459060271993900417323842901307329003890485783905863127
2.704179280434520341004034494422503926240666851168194972180687507772443e-11
0.01114602028154786012191989870102375829628733172529174323873918539352012
-2.021538883638635215722525146719973918058219874550054930787577169961866e-11
-0.01103465279266062551271274193422350059714914882989000117969297744395974
1.511286881588223576483641365690468339217050191927564478727355077696959e-11
0.01092585271310255933085046625879160364679478787850521295675579508937652
-1.129872552593782528078791327330869751233883779779918875568409608148044e-11
-0.01081952803738460418271431610622256008093305552666843380907283106491252
8.447521249522313407627737267773238408429583787489460980195169413275861e-12
0.01071559120950092124124941307776947781884618784726135784256763836429983
-6.316056219690025321791586027105807142863382947378569875266734941868855e-12
-0.01061395885304620532432726213588211768337449777558570225273768293956404
4.722577880116786252756042050088538128249528606025304514941612280616783e-12
0.01051455152096667812075507125895418051343433246044289292805802132753175
-3.531248820404217776923482879115551730734096475426808818273964493204461e-12
-0.01041729346328214660322364357360699525832332067360118244179359485901635
2.640542598890724253954965477697604412613564776871098544397716749040401e-12
0.01032211241127694818303859222401441299035560371204258640924955971685566
-1.974573631786500104793032986003365430252515766984426614874092871720016e-12
-0.01022893937680067534342075461603374597490724549586173613283215274479458
1.476618918552546563294263251813352631510592719446081745771620816923236e-12
0.0101377084654473620158736315479406946579537326211351090791123212366207
-1.104277235000753853823637586398012801867931692465843054691428079002163e-12
-0.01004835670249612988369598736569606752114022206168489204537625415626012
8.258517111596127656338456243126517270625434038394174228035666836284238e-13
0.009960823870598708596175065509680099390154436927678244132042009776434972
-6.176464767301915706221152107211298637392953143032095296211901957492922e-13
-0.009875052358291131552683611710175147904660472912428518688244109746296459
4.619463019012674392759971294841043614601190459687694480289436022533517e-13
0.00979098701848946701648935074052047340738315286480968988792912538152696
-3.455066029518148946612264925143661451550826805958431687340354439245469e-13
-0.009708575036203721781056200007725680695024745532186021324906518646706727
2.58424835390624261641266082113197788789334378254349524325466193221425e-13
0.009627765804770971067235186851901710244484616495439162033575134500807498
-1.93296906548063901118939104748393236505984956486353237031334824230599e-13
-0.00954851080996913143256612654934253839355659108030663214687267530041228
1.445866001845552764866845164031031894874951597943202756124975314726849e-13
0.009470763521427313727720570697467006041207115865924460925359316631857841
-1.081542053726068716283254729597997930498745982944932471862577484556153e-13
-0.009394479290797996599557172307600074880881183088965487169179559634206116
8.090413957810194970328583476214215495242310766410390223768201688815589e-14
0.00931961525620090024352498511779327593377120470785925120453901781840284
-6.052151576528129507948606838503582756421709127556953103810595392837306e-14
-0.009246130252488903437217513503225314398336815253715974010147485791001992
4.527519503352505366304796459127959379226914459854028794182671172574076e-14
0.009173984726923066683070331908193108995761625203156125638128473795792031
-3.387053925715361157817803941952189730031308307276979146094692181478668e-14
-0.009103140659877183839503377328768594979680755857450222357479982216995709
2.533931759859910382109692928704987396327187550868019802016931251231743e-14
0.00903356149022262421131386330857573607322655100545632762292031075692879
-1.895738902319506450048473316791891567643380353286138542207634188424959e-14
-0.008965212045071849228616366636857392136928750490800416450037023555101283
1.418315081476018124117862728564637237978176796529053582780120744268884e-14
0.008898058473584161891613142989810296745295811006399955478781623656814843
-1.061151285873698604805127688574334744284433862192347616692710951293746e-14
-0.008832068184560213175184411152309339886021490157036140309485342633026488
7.939480260941176368458485530621685950167473685232268381398700091379135e-15
0.008767209787572761859511734669513051655633574427305074232926789248538581
-5.940415633929894485604906078952116204141697951380029024261779972195524e-15
-0.008703453037400354286297268676997217777122800084006894937008667320690985
4.44479149417684971250266954433190737010696073204810241482954851269792e-15
0.008640768781548129690775015126482661149155177361774180617843391200790271
-3.325795730138722537830486038095403632339777631553160471130959532456049e-15
-0.008579128910656018537897814334636582723844672020316306803603441685639647
2.48856614835571429709426241778142262159919995155597398373893351645596e-15
0.008518506311609323380525384984402430795167130593288409471779462055548289
-1.86213890041874381379345819223671115567698232422403276825101300712425e-15
-0.008458874823180177787975254459518972555865399470320508046877465433049011
1.393426459762409606825793970413069446655408740437727017791347818217747e-15
0.008400209194040779999339864361207220322284141628383503394999900000146866
-1.042713427291637568499823800181068106439360851357086755839360726315945e-15
-0.008342485043000694148439372530040111765208356238475605805686651823409629
7.802875038813400520458960143647104234107242454582874432059138143496733e-16
0.008285678821330993283000838243486997219416410680990859737419211012813855
-5.839194676753366929790848807296813689837465304309895533799487410330447e-16
-0.008229767777047666209893633876732125101396815841755904139284922230827565
4.369781515160503706996472815667472237176606728792071394612756734040822e-16
0.008174729921035597788207049170401668982074284091255872561471821603220298
-3.270203731536586538312936011109723726021259487402947625866103315858059e-16
-0.008120543994902625941705214965334869575095586212005538696291245886766244
2.447361200689354481130867808000771332059572165607930691945745984507816e-16
0.008067189440460738322469955255548718114010478521082762629619777373121848
-1.831594648105534339399966678817894886938655100217563524623825588255216e-16
-0.008014646370738451506988162103747026274502326996389833119874115929662281
1.370782523656023108857717127773084715054956530915166767070541329356175e-16
0.007962895542434865033955120599845200934373573394157239437753653238309996
-1.025924772803634281093457091600905689830116133193832867025393036017551e-16
-0.007911918329731846118042331257315470218149967966594567797672212382004839
7.678388988579505604387700514227912638534378927064335408211803712735933e-17
0.007861696699386319004524899069013952484628073683526591924103497106483664
-5.746881094265296250192703742562460611993565633408927295299590732012676e-17
-0.007812213187029742476101913011181556828818442678680056496025402761149603
4.301319455859193577305641045005464129256289158902384133976638399291931e-17
0.007763450874606593463758229592034590203726936911924472545095623627131296
-3.219426025396254803985231655855111093654863137475156011383882982847378e-17
-0.007715393368888064522079268448087162510127542629719821238194965546109896
2.409696518078147101540847971887029625405641307252718391204986526832485e-17
0.007668024781001255868500144421294513403555507757343712730434293128169768
-1.803654221989502954246208971066256282736857906849920837850578930604245e-17
-0.007621329706917924068515051183772330232556047204482031141450378103680649
1.350053989229326584033818672197032615903316753369415773715347925743044e-17
0.007575293208850362373086054738650369303467243956109157953487811592322099
-1.010545336304797900124432906996545706814301670648468061547832192735862e-17
-0.007529900797505253274250673283394085644988070767282234394795927765700577
7.564272627815783976266125812333215147486239427259388020431646402895111e-18
0.007485138415149371318688280245435700828716161164859683724994464748947129
-5.662199214192149368579660181036119569298391242764478688181660123030881e-18
-0.007440992419443841239487160480962134227789869564921592869833219352109821
4.238474909492487877729980229746547785601146901889893241940413700615637e-18
0.007397449568006289173130591748014170994247131330962386375431726367848592
-3.172783862950769452189396141974930459629480427586419320786528912096308e-18
-0.007354497003662677905546388423325279316101318228433810208793258282670129
2.375076826052523847830174787355039361706055611102731950060252503414552e-18
0.007312122240352904289582338122042704094068933852139312602004211894591594
-1.777956144097345377825454591311954134402100566149921285382011974351566e-18
-0.007270313149656370627543272748520523492644404274365313841979951474961672
1.330976971244457463198210189977485306015785504923484356547581058903583e-18
0.007229057947905733327583023635196095534327122961197426337166911839174719
-9.963824344822014412210367449623899810013310678893601674901776088702841e-19
-0.007188345183858892003875998471580016379260199905814813788575384299084347
7.459118719354356890868066756701224370266630691452910859250166757551512e-19
0.007148163726901020032808062948407229594803200362704035758779028812045047
-5.584121060137633373743351016956579014951978617614968316505461169907076e-19
-0.007108502755750062263576469145877377995595263133293829454462963150995768
4.180496789227137510095629711332131575207353004608838589336756918182977e-19
0.007069351747640645268955102134444792541275867040250200851986797762283259
-3.129728352254515658994026443486725683547563364060712095373103945346604e-19
-0.007030700467962767723641857288007416292430539004102094649345356123673925
2.343100914520704728428840718976401174678319136803710637187908636520228e-19
0.006992538960332970137615332905975205757334827909040363521191722188784115
-1.754207093041013116476565078331175311931658993943276268955281647331481e-19
-0.006954857537076930635488269448136855453970565554552458535244097949701859
1.313336982614282176429445029551870234485900760349921625564659527326314e-19
0.006917646770103602651857003402990819473577138291005430430911763311260354
-9.832791962930365778806453447785120018055229401997973816397189816565335e-20
-0.006880897482152106747115884983186796368277284107693362458483767838380972
7.361779724511216515230400035269110011266365641063097375838235584369199e-20
0.006844600738393617263898440285965666244271641394074677167095625320074122
-5.511807029954121668032062472018324688261337722065203261548822841141405e-20
-0.006808747838371449887017410611463314772049186991645176660567491134545919
4.126770682387687720642955710092170664423739024633170676697190254195861e-20
0.006773330308263462636538802337182706829394134384766939609064692304114512
-3.089809790079279145880855868347848472867379679617832231401263772087653e-20
-0.006738339893451734391162635075391265610816743529576931246326209498117607
2.313439575864916061564321124551917364588793955499547964436597388603008e-20
0.006703768551385285389746985167788187007161920740863531030750119777633768
-1.732166027984121327612885799308024852586271587730504229088905953547876e-20
-0.006669608444722356704260244059877044036235140057248856685157110411230453
1.29695750609998594988466059887788127430748645165918707794308745788017e-20
0.006635851934739473580265537074831406121909923589988128454221261916379908
-9.711063337211106675884621464704559141607971088326417838316756174133372e-21
-0.00660249157499518373450423838325881013587100488409499117000088950232435
7.271308527697284135310796825599215446817899402578028029943739654868135e-21
0.006569520105236988905280379984398207194341963812822126372994796286913958
-5.444563186378364157993086297083776541852429783881050658332980473887528e-21
-0.006536930445540578697468856324471596412706790339760828482877603344436229
4.076788067953286768226070644492233236410890988178585048068667926780754e-21
0.006504715690671032397814466312862273070129777935031638621369628049345018
-3.052655468972494686459818882331835974870644385886281108708474061498115e-21
-0.006472869104656179139781728150010311302521434788696758864770799803323418
2.285819600004838118365825978336908272714962734670076680530023883810605e-21
0.006441384115562801599582904907004968609275252140109599130446846678455779
-1.711632642968821804626036009324712562686683646273575157074354576457697e-21
-0.006410254310466835193838940881494034241358570836185007891873506876447107
1.281691663085487330059800113623142059385881795762098698433238766924325e-21
0.006379473430609155281659959596656248248350282265791401633063675150443021
-9.597561283639443623102175377747809693134585367101432352678096494261703e-22
-0.006349035366728960785999671441802352710523561206042981783145430284514204
7.186915020014233638867290140636772331083091319279682264669106052940187e-22
0.006318934154567155465387471165171738678258461507680147370306405610600146
-5.381809902117492042571284754032599853347757704552302598544149832819459e-22
-0.006289163970532499208534776001182202787119063139092010986168226884387064
4.030123666224710763073166648027580841830553233776777107651570725992606e-22
0.006259719127523652515961024232366498172926572823197783719572045605722843
-3.017953310633493625367612952255402163461323893011536325994403311668164e-22
-0.006230594070900569010981206284034809105441109873455883304938032343638943
2.260011945139987861434276724517778168084957141929962227077341980888429e-22
0.006201783374599004541082563224949883671049735846467177365064620327901702
-1.692438814906738849820773255810076672559444691018838406035391031075794e-22
-0.006173281737382208267447789905259306367962033659601949632646015384627642
1.267416029292256510734505527115117640002301877614197306235812404421394e-22
0.006145083979224142101819972869505988860262668859453785926310332980052207
-9.491379582152949725360715439406282763689335095470552358879019670731004e-23
-0.006117185037818840876894285670469226775278685780909514356912881405533289
7.10793373555544109737595020798776662849859878134376799689343377630103e-23
0.006089579965210777608664838323101156880601909676197192764201756956259587
-5.323058439009911275022736498744502147526595345170310670387726289857051e-23
-0.006062263924541336949531283167813833556505154667712113915298998507942884
3.986418485633456067127424825996353765871989570622669481670441092445137e-23
0.006035232186906726209525846595347950053146625179512562289455911517188924
-2.98543959141550800146646265092336904987056867984334234077789533089607e-23
-0.006008480128322867860659970281995575656528064935434174150644222055039783
2.235822848647112540521096943732149716894854417911143971168002483327907e-23
0.005982003226793020911278775826585318935641353046227104755153650502241687
-1.674442164664904524253534410704805644050949207602057460825984946538475e-23
-0.005955797059474071576039205992355566924977639024788381210917850763069091
1.254025969619433535583450812096873865677734296507154811361362793880048e-23
0.005929857299937616865621733883025609922172546288953709798498397323239973
-9.391749168741864106606611921458117037757153081453395988515980139354224e-24
-0.005904179715522138634517020859172865697805322196973109373222187645605161
7.033799345728818600845305163445439251453843994776029917350948192070712e-24
0.005878760164772730776716781084513018730574563096121618002752393610339042
-5.267893181175191789125094367657825407638130677333803761601890226002827e-24
-0.005853594594964999137270578038199661575843773729817513270972186085740131
3.945366938814077758987855808854658426299859484878685422727199157236641e-24
0.005828679039709902771857333462681964560156733817589333367777104127843984
-2.954889597331903362391086624055337812498112856130333386101015784163595e-24
-0.005804009616636446868190615661469765451631734621783256115788255016630358
2.21308704752084049296496846525976856438079216743285886591400272066493e-24
0.005779582525149272347530837733803675624150249379997794092896417394516314
-1.657521137639365865067081065781270839855300880195564501546421326927173e-24
-0.005755394044258315272708525662632290988314585194353067265514788996508773
1.241432067743826572245512688558133665824552750041305188785541906500275e-24
0.00573144053047783105895503396228396436192114820767354384125373443345013
-9.298012217086052086076270148885294543371416266912911567174092565208913e-25
-0.005707718415792194452251128241492523972437776547078263233837668322828465
6.964027840737373172645774074780389602801350311359999880943515918051248e-25
0.005684224205685996623657706599876204940484194475661535098771219958480079
-5.215957968761411461065993044209243702179652493475631534694446931861929e-25
-0.005660954477236065825346313901344735839470745056135013537087678061338991
3.906706916050616247383367313397975613873146962053517660327112737431284e-25
0.005637905877263138145496531084723393647245183140138156859063975723328548
-2.926110412457524149069209279925878938661038804634650095812340729181161e-25
-0.005615075120541000249218527416262398507580214458098509486036407374172966
2.191662538176847534891492882595776140961597410681984449185075331658307e-25
0.005592458988061016850222896525210168818928739245074558640370191799020542
-1.641571195328113923789588925468418667295297825792742702098462195572121e-25
-0.005570054325350042257777360735033531848274644867473914639829994854337213
1.229557357746335213367566483714095369135287485798237788516884236186429e-25
0.005547858040839797906791552458492913691763399662521899213939354374370941
-9.209602011335155917528974444040354608258678967707810020241975384911096e-26
-0.005525867104285876514275426164200986670441754171232310489433926654278594
6.898201893593374409937423824733399052035699013158189917154398985743703e-26
0.005504078545234608609712566048384726101441825511754109482990587907336395
-5.166945453124863554706814596800604415995375823086560805536930509458143e-26
-0.005482489451536098845765153553280173701848013205269912281045941523101638
3.87021204187228044859687831588381396241419334621382147954242571046226e-26
0.005461096967901807884451922391419848508283535819378771556636557962930549
-2.898935285122689836818551498308600829978639941951098901076432684043016e-26
-0.005439898294505120938000143019891615705629260608593604609398900920900449
2.171426476796894763647433674054026278017441597449464670892488253936612e-26
0.005418890685623406379264471132542582697456884446433812257345807889101408
-1.62650183154747266872312610340788962312167703712247886693426771514015e-26
-0.005398071448320127371592212465102409245959189142012369315987888778013708
1.218335152105617082493546925075395122198608484934823583827189018707203e-26
0.005377437941165626341843830490384014233607848341472910266147434874954912
-9.126027132617517124640666467571249412333044760874737324790723521606146e-27
-0.005356987572995256464866959526648626793687654406763429410492281217734519
6.835959345050221778924797228119485330747918653230947611307413843716224e-27
0.005336717801703586267813220836459049618954070612220145807260840705136636
-5.120588710411389586351480694454195416182724000185228110988057748420795e-27
-0.005316626133073453116269743321683134727658462337874961282223711480495042
3.835685566237450092751861114860699838747548383448946966156783218554871e-27
0.005296710119638688822887518153355753442205867108651841835726818629711283
-2.873219177429209765521176050300193058995384885153966708470303450142414e-27
-0.005276967359579386028680975367473032278473977730062435800894125860747485
2.152271936482528230500190088097773468000124534229413775465876600458167e-27
0.005257395495648617447468929117973621887720742240501465721066962340280107
-1.612234209160399121267210163572947537726958755959736516775776200255852e-27
-0.005237992214129561629741578954386384166735715483588803625730143679643014
1.207707319161856627318735660105099885586318715985647653420409464027974e-27
0.005218755243822028683286949984664277892101259616676708294346243825933794
-9.046858901928232069345211665219335191547662358615026729436952928353243e-28
-0.00519968235505741746919564999839369349383361535410741092484353792417131
6.776984048206415436312148653043344887394163585767629888977002818546949e-28
0.005180771358741172253944396837103933142263213150941213323303090737183986
-5.076654565349839812699699785466342354308416679522957563128451909086257e-28
-0.005162020105421841717505072229940961721292983512151448606116747905318107
3.802955495453175995489249465002753044825923304469131498363840952440336e-28
0.00514342648438587666625230748492658229749330616639679309855778788481293
-2.848835213617884057017196226930566997050460685815792910459323388942771e-28
-0.005124988422777334846533290188515076170878889742638897165104946911226611
2.134105316225993307187183438930945151652956071642613400889716944367868e-28
0.00510670388474169196528150455037742320319623298776891921011505626198377
-1.598699269565997449833322347341268449015174698654860203438484235958331e-28
-0.005088570870592987459839283485733854343130126442541678357103824339471871
1.197622903533955501454804039967861069025079336244406215394778843689236e-28
0.005070587416003561778899694720024192786626506272380694673777038849791746
-8.971721311329601451105025641288891445775826969036701633964404702171092e-29
-0.005052751591215668995916838339980876707404921400537923094660551381741373
6.720998518829135372472276619610344168461790185845383881333071450523718e-29
0.005035061500274274528391824896658411625824758782192352051210747616712374
-5.034938225646772672944614356007552597306987253905308452182217327838732e-29
-0.005017515280280372631396049723660764588931100353259045577563036457392809
3.771870674498511062185118379969615319338478175604428249950167861583901e-29
0.005000111100664182219314611302911305432470575119468321925301282211577075
-2.825671819204471102453481651874711016360881846968896157795007548395851e-29
-0.004982847162477602491481699113292724648551730499245325868698125158168773
2.116844251498598946565434826154293396445234055708600565297533605697336e-29
0.00496572169770533183829543963928237903912259359446089841443640453931608
-1.585836206510314863353307166844151977991549401780564968216822188800332e-29
-0.004948732968594074625579545869892520130257064285980949186494441951262695
1.188037011184030882928020704884528534606566748598039128483078303667122e-29
0.004931879266999280735432731680754706554020007997423245069754928729627435
-8.900282877892310319811921483126100734930504955484526214915440602698908e-30
-0.004915158913748882218702782611075033528243379385133768139197916131661138
6.66775798282951544781943006054750633921930338790384690335549137000836e-30
0.004898570258023510122868739438465550596603486050756885481715735903926465
-4.99525893177676541863390659376566106557074360480095031389117228858374e-30
-0.004882111676752692533134942045766862471075822015743287811258319100817276
3.742297607413827860553209173876399117473201290559810305586381750177615e-30
0.004865781574026552135942147494558722193834651371512248300016399035384064
-2.803630396680983806659421353816749649453003242613851730277799822460756e-30
-0.004849578380522538213359885929035789126746470356381357902832085881873521
2.100415914975823765250820952688259922963977854848604193351238409408572e-30
0.004833500552946743932965543063610971468674711522891377791454783116753278
-1.573591223608850817773130541536247691197278479094444296369848871643939e-30
-0.004817546573489375138488074308622076781510104435411670880643456435662019
1.178909900831305841221299948528125587010403596809855971977070956435415e-30
0.004801714949293951598041327061476705832184515221213031339850285805399213
-8.832249998682568854590210635443191704304822890710727979768509558802952e-31
-0.004786004211939835854299149988802147857365349050404821586795969498239172
6.617045515804256909747452271770051534542242282653960884501425280030765e-31
0.004770412916937698468402528012788303939228576450122087483211625687773674
-4.957456401407672316019407242471223260433141354153576372459581438460803e-31
-0.004754939643237541579553714678894588178479436423449404934582246217848151
3.71411785598494514461391722094586632346014038276577020300612614125644e-31
0.004739582992748915336901187544786045680164463819876302131495453334875802
-2.782623422130928625922802197816448988222249846721164713417595313782434e-31
-0.004724341589872973920204752115860218512030548532806666026487874626027883
2.084755623669728499049131479521105034271325681391630037837680580213275e-31
0.004709214081046029570690395457567801194771357397514272507488397458622826
-1.561916514951882636389227550583566066889580017415349925428091989416869e-31
-0.004694199134294274322351058757184970971663039026875343671235394616354928
1.170206237806282187725860309066567970401560263537679382172994076458645e-31
0.004679295438799349974752459321262618940887017572902186592832125916261711
-8.767361488740130314893359136392648645754693631109698126852786017851123e-32
-0.00466450170447445729837389253660846249091632364127456390291189576752614
6.568668044222559132755338150196588149430239268786210743180961369579141e-32
0.004649816661550705529085841433986818564924923676799606177019952321848738
-4.921387901500532356694387792100041744796430162056490313172097774116516e-32
-0.004635239060173412905232591637841532225883596730019135378548845963857836
3.68722589572495342693182706582646322466080027085853300493220957967161e-32
0.004620767670008078343938653639186845020370006656491332777110827773003653
-2.762572875057035277785546808589144717974490387397838466972508294030392e-32
-0.004606401279855753357013124302015979080400900466755084443055489716372503
2.069805688890521260080719670237642304312574678680161276804865612511343e-32
0.004592138697277551984869931652025855115881458467393782378179973110390952
-1.550769422695070222611699686884227523067084145757294827897395163788162e-32
-0.004577978748228044892292046477724460236739151991256304017576824722032408
1.161894476916796480561078717091834926106865595366263747399825966882853e-32
0.004563920276697291835145356481568956403894058240419252261420296203495224
-8.705384059597934825026514205920742113192893731809538326390843075410815e-33
-0.004549962144361274484245118362074183989459837849972250697442148733710683
6.522453032387908721544686881074474675665452096661351519196076891629583e-33
0.004536103230240499092924106408503131370740786735358955842939042280781354
-4.886925820489873778851679781229291847813362894562344388785689549273432e-33
-0.004522342430366545729378275656758569367120722748762658019180279345104959
3.661527336569964104076687642263553087692742569728453240909301588089903e-33
0.004508678657456347774030216296668490287606634873637773698182095612094655
-2.743408934231635106699275803216952993889115147794845767374674596874162e-33
-0.004495110840593992115958309870475588116004462805167034861661297263644883
2.055514460269076329705546604378834145065856065722521073776562447050474e-33
0.004481637924919836980465134946619042243362660222609194138981233020749106
-1.540111736232866619828726812392180144012553108091620469589661476420135e-33
-0.00446825887132675059126672822363748127990095210630925521082289390653109
1.153946348622374542501143885136346156188243029167114290038359840806717e-33
0.004454972656163279924347949531807952523656657202461762395696711822884355
-8.646108551698350651399330558164705251557040528690006544657094188215604e-34
-0.00444177827094356465464852337153189989520472444501777280114933770318855
6.478245719624191433957475488646882002997791695071476402042332629173372e-34
0.004428674722063817039463642066929097099432357072100076096013584854251661
-4.853955642087193607669462339779980853013534704746523501403685704487581e-34
-0.004415661030525193931467242249879753128375003901420994832903877044138864
3.636937436764270939956064892224307714943782638692860755961272958472012e-34
0.004402736231662892376976344346733350032904876339988639365341295870118592
-2.72506888760328420717863885001299456976756391008157122224376291616095e-34
-0.004389899374881305338543339792152275347931510075152966285153229417263696
2.041835526078810265549353648579168423324903887383880946332233099129598e-34
0.004377149523395078991967101640647269650210487654513694816161153480074824
-1.529909105511366148302341130247440725706339985553788467085571350270891e-34
-0.004364485753975917792849063162897175615903653425228981792751912858522368
1.146336428569619553522935997039990050820769563064202014712540396519949e-34
0.004351907156704988093113974149699956059619415369976847736706074090611305
-8.589346775699449198288362050447325249636848792259246925673540465298433e-35
-0.004339412834730775519437270631982879300853980774832903977898835586583076
6.435906802259617994565219240961885574528434884914021773141807696495455e-35
0.004327001904032255608997111819220119873697962545760388902273969464904427
-4.822374244047517353562745901094817858099204997732215161866516237122294e-35
-0.004314673493187241338890207312796617851752377082614186361917751466180858
3.613379854184811072573583772478236592400958028329370521018246805750957e-35
0.004302426743145775189183896150670403230978190265916984371041683579867345
-2.707496215710781798470932539962543860906000529092986374559649660734797e-35
-0.004290260807008437250976052948322280615000135014967236346631747695658216
2.028727040360636390742710095527349329024700023149686130017540360727175e-35
0.004278174849809444634848431609533415658268987689917959773095069195500757
-1.520130547021497022681057628703844947174037654610828568214025382357793e-35
-0.004266168048304421056381801026422236692168503675434171995890005429866499
1.139041774874767012857002472939843889282752574519466688800604788252529e-35
0.004254239590762718978419680051037452506505432029601884762722991171513506
-8.534928849048881341017801869944454498045475097422801593581622228858088e-36
-0.004242388676764180078810019230487395633151469767135542110525311361726045
6.395310477714891457764586747913321477250681567620101837529990435411399e-36
0.004230614517000223091538340389034227916502383527720183316258827851899453
-4.792088461707834482298371631946460295055008887238029591163896386521948e-36
-0.004218916333079151242445738760358182086862304991888621358873382226712966
3.590785591287437383899486201292704548614929649352647865621919307932784e-36
0.004207293357335574571898518477808637751503968502564008622488410758146531
-2.690639816702823367239130802749366542773766978748022340789613972284018e-36
-0.004195744832643845409491184013674757850571739112724862834544435276085417
2.016151153621804930333044330412248726469842657600181687170409057236384e-36
0.004184270012235408143625952799575280121586101265144013893659886065719372
-1.510748025556255542809120679023634316002012113807043142261156485658438e-36
-0.004172868159519967214987708193663568298237653934667285667984161607355133
1.13204162083290933404132666638251727663809695504168959042518278345687e-36
0.0041615385479103799607599530289845431324864221120857094934757010448549
-8.482700938082052348478649120277326877882650289944353373698740762055678e-37
-0.004150280460651183549015754534617900181112290632708540517337370569374713
6.356342785318391482683658128566022014152795548745326277114618027702711e-37
0.004139093190650667773058435707095792967155019580659712325888021550910632
-4.763013868665156629389515065630215287419241644043095511130494586957724e-37
-0.004127976040316407926455124613251401784305591626740899287640932997335934
3.56909209896732265499802742062824002038303096947830983734596000918996e-37
0.004116928321394174353867035267299779175255574117749789717328570086855011
-2.674453347670340725865080409263416254096391667402507290105100400088531e-37
-0.004105949354810137573192511798198555980348207039075382874630236616423233
2.004073528674511775283793514227753617456476196850956807305390181868578e-37
0.004095038470516290093560000428474643981552642794505501638541715950303276
-1.50173609829524332065633034363706103754557422215672484050942802411331e-37
-0.004084195007339008213798602023302104610124783414521588931246863970215631
1.125317113258682472306403237857754383930170817284773839712931701385696e-37
0.00407341831283067917954090813451578697626553319117542913186871532569586
-8.4325233342309344301590736958769819636332451926310228455348039050075e-38
-0.004062707743124321106354311607393402981393181525177357355338310938341
6.318900191777311739608332086715165935317108353181605415122845820825029e-38
0.00405206266279112504344512681065002765825804997576304474525653098685907
-4.735073736622612858270117289363595700986615557427606571425896684095262e-38
-0.004041482444700850459644723093560842404033810845742892162869177003329056
3.548242511640637227564281013886578044133148217053961179190321452346488e-38
0.004030966469885007282599741242531427041780625702339102676683392600655155
-2.658894662092837421023928773722034825317915204916360028478133606181468e-38
-0.004020514127402759415305009433784617564119358695104961094307037433853045
1.992462926880137630759268440989104701984612114759843790206530709396486e-38
0.004010124814209486393221159698399531962999051696116875499897605493156074
-1.493071610467411609234024071634430598059052681021365821525095442745816e-38
-0.003999797935027941532022729866356987278789116639858351913682672273286377
1.118851088615734769036819787251867226298899851015928876983494010022026e-38
0.00398953290222194655227348742691298671595004682820643649460750414201203
-8.384268807116377997615954317868649651393840805305194750704429996353752e-39
-0.00397932913567256425470648531676643447100518928507839222236850065372005
6.282888379542466205658443620289693047190534740790479092608857696256474e-39
0.003969186062656692359918060136300630371708795532740757823513388002367598
-4.708198143923875387544280582093165432832102742232887762174091662648123e-39
-0.003959103117728023120729618590548894452743969049702952705022162286595985
3.528184991299995257863837873360971616142426142412265699239191293011645e-39
0.00394907974260031476573388615829486710860284100567252654160760217293223
-2.643925327158365005224552637371132263528553224558737569257843378510402e-39
-0.00393911538603292224007406772406041897032891768171877015538599650968093
1.981290852942712270754521875360080888127184449488486868597543106575593e-39
0.003929209503718536075703494419758128649082022334507333025869057992480467
-1.484733433935288481919753583526375018212086929043316939836609433730995e-39
-0.003919361558173079549587910499229743349710178916278713988917495670338141
1.112627880613817334199865756270940171065092611389726971684594805613452e-39
0.003909571018627715575842370870295988704804815793840764174649445590235853
-8.337821188362150931684345784821792559302945909193205884599439584420258e-40
-0.00389983736092291602789311928706900207523730818026473870000741573030132
6.248221204352773751797713368321267336212622138074644990187683815209564e-40
0.003890160067404547400630515289000529640341278832502082586851675185732293
-4.68232320815072364610746746884100479714088611174305772877210871686841e-40
-0.003880538626821927901337893146546698930330859981791722836640874002428495
3.508872162555351647142827946842594792753272544472827434283721371118563e-40
0.003870972534227812203067747790967452433911352666585988704067810526507873
-2.629510207815709743333786708700201547481737264156592048408923234139884e-40
-0.003861461290880261206175780923188606595408698422302738094453781298325828
1.970531248650181254997393321643959791081434368328699044195984934446236e-40
0.003852004404146355233961908836251797742094963550912349044554206778142122
-1.476702241685019694775251015974892853199570045677695901790894293463399e-40
-0.003842601387407710137815469108137792088349669738194457512965612744889223
1.106633154146737109059874784456390299207675632930097973192275882226094e-40
0.003833251759967756806894436329350383586549312949362134761390145870579311
-8.293074148663037542219191423251693665060751798722179707308762069989685e-41
-0.003823955046960745568126412097117639925109220413751244242858511661354108
6.21481979457458495185661464143454172063956716623434628776844778848139e-41
0.003814710779262437925110797301254978395054251937116517747799732877141799
-4.657390422766559761335951269634882400517895467066164198438698915952741e-41
-0.003805518493402449020203785554734190782901330769214262543370726890064446
3.490260624027291999077343914690953604741301121076006550150046666115781e-41
0.003796377731478205113527313648555014486445742069087347271359948846974246
-2.615617106860706140727588813115399862792731328792645439183344609073235e-41
-0.003787288041070481256677459142191742762733359966695914745153015487279881
1.960160227741517032716460678932325748556547207475025895525657396552713e-41
0.003778248975160485198306579365103879628400740685498165204290299743593794
-1.468960312502654264225408881556673646801720725985368102677104865641901e-41
-0.003769260092048454394279379431706816324635350160369727474396748140584826
1.100853761388545265163983007755933121019939556381071988592695731962447e-41
0.003760320955273733807492767700386524714307835073034137043123295292669352
-8.249930137517465212438130184157411616663978782362800839907789209695916e-42
-0.003751431133536302972414505143722947629911939392102896510714429054743144
6.182611769962346367697826399251004872681313149021609903070834392429911e-42
0.003742590200619721567623915077724281059204051023865920425708055786435636
-4.633346081440254977119226113446292629028111157128646577471810793638392e-42
-0.003733797735315463486793748111575082888723070519395544080098621615163883
3.472310524120681544266007381849078006001856686770041203065242216268663e-42
0.003725053321348610125277823646075359858687325847804647063562503011495812
-2.602216452297966852295884292450207514642307649956523340080908018170564e-42
-0.003716356547304874306384914064734855623325051892321796821731248434055995
1.950155845491284923612228114467590814873203902409477220660493153632293e-42
0.00370770700655892695912539705738847523754716715732881409825490280300837
-1.461491361147527296695294573004808514161318882733584766034064278755588e-42
-0.003699104297203999328293401409506871937991031359256509014747521704309523
1.09527761661653292881831510306797212151741659794149332489400025468387e-42
0.003690548021982734148754192645536082533047329277033317653883454665775955
-8.208299460512059730464742815527348740342670577426885362617855072119368e-43
-0.003682037788219259849286518170356237392932263361875218699309703321319593
6.151530561460667844476628265482928800692506412099751033106691741055749e-43
0.00367357320775246246780680731571317600933550381176976033320070035996279
-4.610140776596942839639967033417353654968056917334399601297937189838036e-43
-0.003665153896870430559783512247695094623631869449209601304283940542863281
3.454985191330533780453951141385696356231518464581972040876920116665044e-43
0.003656779476246048965625872991070060052483027975404149852489926981426937
-2.58928102476842123512593310360847570499060854063343537531806796702756e-43
-0.003648449570873717871276359288203371422961735899867430988869779210399964
1.940497897733247206465938673376555385938167398693580391646157812910293e-43
0.003640163810007174149608893306208750144864891369475271569359679183164995
-1.454280390157912904852255514361298948388077097853752421270754050353058e-43
-0.003631921827098392508979693084344028727377142054425892086112627906774748
1.089893586931007051458326235056937236808177321908045259622738544141568e-43
0.003623723259737544499823820630693099520055494763336087640775709780575895
-8.16809947343358254500209894010579641387877808480811311946535962185881e-44
-0.003615567749593993940954022614473652721863275226155122987543426084738227
6.121514816869841358800469948927265058368845435162165417519472477685906e-44
0.003607454942358307824601584000987993452439978018526304333641153799764374
-4.587728961079088472937701821644892364480823892570608834377397887874652e-44
-0.003599384487685262243631130095705686948071312536459810572450753690568446
3.438250810937377621958206370180514544773346751539060337083595025480064e-44
0.003591356039137823356139602396256648474045042427728682091653019206887416
-2.576785719077841490500317091343152437315738153143032470539889258553599e-44
-0.003583369254132083862178962858307798906776675395480638899906037340986732
1.931167744953240256815114260985104898344215623233373163898155991866747e-44
0.003575423793883135914975904721971595658287392512388608620133417708566904
-1.447313560087463040563955364873296019098624894913598397711638100920802e-44
-0.003567519323351861825102114067566777548074031738044286530352909189498632
1.084691396526121823872874954815292206449660689143624135382681099962534e-44
0.0035596555111926243409067634048038823885150242601781006131926085948184
-8.129253876019872894961476841418981687815079812775489860271560554730508e-45
-0.003551832029701838702479808867355588060242013696555921116520551294402873
6.092507879779042036453742404288428173543827500070467731580708650631659e-45
0.003544048554767409069781100390319769783782369786492369379223783212638963
-4.566068563686885940748041339819195982356363268338149221180441952465212e-45
-0.00353630476581901231864735203011809248252613875176990679308314496006251
3.422076141326629536364692937633911063900476270898067908010944295414719e-45
0.003528600345779212581468300650500321271614006334765488743327091215313526
-2.564707334867471425007420661747104070737806222911899554092363999763301e-45
-0.003520934981015390282687460245527806837726055320758469034030024060429101
1.922148157816363683235049796268866664401451511215002828519816975259238e-45
0.003513308361292469783205531010455065432471320745116510694450258383483792
-1.440578075507743615455489056379592323511131829077461430004199682475952e-45
-0.003505720179726430102511039189452937544586816930954401501345408477731676
1.079661542558218199106736805295395170814963578665334400136835530634443e-45
0.003498170132738583533190261953914391803243149353082409767125729953122201
-8.091692091026858982523811724462872150662771650170093987613809036707887e-46
-0.003490657920010607299626107268640296000335456620362626592996346832270484
6.064457331265247138879975617621554157934853589858278955024899056447003e-46
0.003483183244440313741424893942916081897277661613293436487148722588568541
-4.545120650897123587799545912159411485881933351242823128001664244362385e-46
-0.003475745812098144822645036061220476235865590519536139281970810799441015
3.406432264284708358007928429520813488653353644523196860712610167154846e-46
0.003468345332184377080469452123863963552533262805563236877203030547279648
-2.553024392285173315180087749704427530646990886630319232426227406425293e-46
-0.003460981516987023431784153108758647906065396761454942673795985866882479
1.913423181090922248584422782714781494132265163291100962509930629118416e-46
0.003453654081840418553412292619784618679547305006726059186532560734629951
-1.434062084548881935797774151551697931762811276711822706224751608259917e-46
-0.003446362745084474841712901611472201588006928500336169019212168840228303
1.074795220977380307280787727326847960583117332107153816047706480122268e-46
0.003439107228024596240087246461250328229863514518060090858886309339947747
-8.055348716622842554760905405796517506852187877444013684781891094517097e-47
-0.00343188725489223749883786597858819510298759871906666431473716029526924
6.037314585562574046490469626816359838393688942968163166436470132929921e-47
0.003424702552806096700984639239658081122775149585298230264090153045713214
-4.524849128307625012542140763534289076717505341185908620229553712323707e-47
-0.00341755285173392915024183755304168892759043451916178532198505797451469
3.391292364537254302114322683519940757610467074517314720116027015945185e-47
0.003410437884454970973577677272953199239695277197149395668937734265832463
-2.541716969182950249275840049568774590967458643221486139050171946858099e-47
-0.003403357386522961040785781726780270120653002085100335351677525241432365
1.904978013419728030465249671096384499851107721543414479953933278718593e-47
0.00339631109622975004746342738448293854659662543929772510051454532356873
-1.427754590107411312157646583272589091171155428562484961623948931981411e-47
-0.003389298754569485845876785487880784117140711739735771406328244085118591
1.070084260949119050851253422020780312916521462481028039834206368872718e-47
0.003382320105203364340556076262103171148478054117898795397071840616598446
-8.020163042032118182587136755975493332051779258499331563366271626895128e-48
-0.003375374894424935492256490127052257267723549069797916668206727367243171
6.011034532304756653391706211080811974519680760468154921262564325668261e-48
0.003368462871125954195292270536233870240109978788039761011692970830844787
-4.505220476377264943869713519767553779507046814360418330093217729565986e-48
-0.003361583786762766009345521436893947868322175263619635448758256938759004
3.376631534543290242201006344129865530574867662954671911686573283434905e-48
0.003354737395323217937807916625801523712979516486715329811655095256589049
-2.530766556914421075548604140313112705785752127732680879154190421880275e-48
-0.003347923453294084650668292735880221533960934836237554369861221376102598
1.896798900790209371925226009040574372051570559338118298821948391407513e-48
0.003341141719629000751043902384594264628196310379428248127373418386699034
-1.421645371143766888158168491509496051185867587553828181103870257234833e-48
-0.003334391955716889880795870118309094276296536084650970249738752461653906
1.065521066707820355225864319349818536670190033171135418587969559371844e-48
0.003327673925350881652394413636759478841467310004636829725312339632750112
-7.986078617921769237719158738204977995134085854919120936968763598327016e-49
-0.003320987394697707581427366806450505440383930009303579941910019398928646
5.985575219094088134000685269725023734452153959169544961350183557660631e-49
0.003314332132267567376993700138456996884161764308158187094102623527210821
-4.486203515873911610627464143360135010681190813793101965790588233188591e-49
-0.003307707908884457125805948943172235892330035539590945816294307365542845
3.362426601175886552659508648957637726912385485217811957769674464946361e-49
0.003301114497656951080252343806811247704257389659998084484623978199569152
-2.520155932257386721209409777758996431143326772882926449518619877254541e-49
-0.003294551673949428931048452664824070916813823295901192579976646006567561
1.888873041885427163494739364314446841760621223108644294262161259057237e-49
0.003288019215353740611543692715281604397442910976498752769082513668520974
-1.415724912734023273240735381248734915682539151651849887607689203721427e-49
-0.00328151690166130084334159645568448166715015841814447761387622691353242
1.061098565860923241365321282848732279437118624145852044390489793047397e-49
0.003275044514835605791742792148842843435118750191761861408350574102778793
-7.953042874324222757264849155098933607238371934913001561871447114581422e-50
-0.00326860183898516435472207662496577205715069882872976642411784815366245
5.960897569101413848569213892135503554461382880484149484826285517868054e-50
0.003262188660336836760798813352438848563223958323160719680585074802065132
-4.467769199139436561606697726894274303856804795394125952014463061258786e-50
-0.00325580476720957329934366396077376489305167887860829638190941771342169
3.348655971430319063916423734503714722646095305715272507404610139867827e-50
0.003249449949988546151672306598458296684286399284563853020967536329135979
-2.509869043360562152481128898461955377168630831487331973668384206785199e-50
-0.003243124001099667432793803614166460828630120047604640835681316478304455
1.881188503772059131375853804993401638470865590898576729555027593644811e-50
0.00323682671498448669199076701664368516102434730370165957930574082625891
-1.40998434374119190527962672241133176591111332037360392113180517541463e-50
-0.003230557888075461255591237244863357893727234985923987206565303117304439
1.056810163309873025367641703869451405560814709350086216917946845240415e-50
0.003224317318771592927426804428893077168564887018921026898204764350334428
-7.921006779965924354521728032374519040009355364770833364428544911661756e-51
-0.003218104807414424691634355850333422111229091185097766115896896921623309
5.936965129191587742011932640565497088694312161359104207430087350436632e-51
0.003211920156264391188724217287889936098893973154938205338496743454451604
-4.449890423859781449781283655292767985065463452592867521937372460863881e-51
-0.003205763169477516859277615473252704775901349189733705715475073289428315
3.335299494724961988338798969757629288210148962095166186288515817532643e-51
0.003199633653082455770321588871219007474427196884138276631376714621330106
-2.499890907924512902691526852487211065729600587318187341219547955765567e-51
-0.003193531414957867257428057332757632312844635478058384712360034077502179
1.873734146609355273996452404092032861737657849897417123532496147411605e-51
0.00318745626481012163096220607973061020397642442016927649099622159317672
-1.404415381138492320239524395468268380038508861155748910162380657814832e-51
-0.003181408014151330307728314998177617244732833735987459633376360745699657
1.052649700076394718113985501521924859182847572416815848034749174567334e-51
0.00317538647627769483959158386504466330324493853435939408673662040433146
-7.889924537770606903846460040014097212532898670376705513088834748939686e-52
-0.003169391466248169418553577881982387850169024932433492606209711533643824
5.913743844727301502329520090885580674110924498570506887673585670588505e-52
0.003163422800863431543286202455590500159353935982987707555996208612623262
-4.432541866510909965369447327238490480361395987713000979768856860789992e-52
-0.003157480298645155635342563696242737820184138369753078112816039007719872
3.322338339714218206489287544242535189872333983818501250518512827459144e-52
0.003151563779815584494219076327518597856745333933536948324002389293016178
-2.490207522086479729823234167385600652572789545879697529220558823959374e-52
-0.003145673066277393579196626533020734971034656595643098553644002364556611
1.866499556253485330349768402190101805635028927884760805304433544047984e-52
0.003139807981593843202492899042146676851041282271534337674995332357402356
-1.399010280156668131939414094380615972531746475808079929322725576246086e-52
-0.003133968350969213812765125985466586150243539429684922640798156498363192
1.048611416425065105531855138028523527016844257600983692526330163412254e-52
0.003128154001229519640463116878077790567793026070349520190954015153154162
-7.859753312056985728633366246567238186648783795158673792986647381093138e-53
-0.003122364760803496066995748426336069404194231800992431015153995106618369
5.891201857755357440781155478330280068769954021129956967819813208469851e-53
0.003116600459703856168188089252389596168211227242812668044481679853753801
-4.415699833055803213337883486554447275268929024886561592235686434118151e-53
-0.003110860929508811969117700944371314814484263274121426195867979606736039
3.309754883829421664865656633671987812070552744945874715642851724755324e-53
0.003105146003343856032172855700858974118988352373320734099466167628917633
-2.480805778696408704810335885358431198947723541697205545671760649703482e-53
-0.003099455515863799083116710003167421470543176365514212136019204004445426
1.85947498379138229422767079903846650455562715574219523249188837838728e-53
0.003093789303235059461112980343282606551325033463949300095818484010476475
-1.393761789544588634739203170249037631661461061626603251782603663027057e-53
-0.003088147203118200258112360733911549777098069003873556539094095693834963
1.044689918759142395218599783581007736163558968720098757458833991590043e-53
0.003082529054650710090755686910260165727403608981370576623684148657116741
-7.830452983581680332153709438457130038124345653334791703415920152487068e-54
-0.003076934698430023524059509047857279490494155447343830152764199329623223
5.869309325742517715626417105815090941082355329515333966744801814960111e-54
0.003071363976496777240651069783496473125410440561456039392107377240570647
-4.399342124807513073190013351335460399554433528496731021697792445225535e-54
-0.003065816732318298122250478997389493946675444475586926917680309693900221
3.29753261401309233135872584609538621840909914320811297636161780481451e-54
0.003060292810772319481494936574943161769598378846892734183543963992326808
-2.47167339385460092868483518962532711310026672311165138512243712785742e-54
-0.003054792058130921752099035827371217758348888612186626377455276657834684
1.852651291172589320816764655226674280272397248846241919472539369625582e-54
0.003049314322044694013781417923166964232395354626278430663910355309201938
-1.388663111331041925324724755280881683652215492847411203951363792993271e-54
-0.003043859451527112795395379837744305405994340362727395706368405381708021
1.040880149839045885220772617441761184182395731911636426177051667728228e-54
0.003038427296939134665312632069199985379481158756167926287201512741498028
-7.801985929109953052758163291999384281993134104044431014568264312737944e-55
-0.003033017709973999182357577943620410702870307085893716506373210849922322
5.848038258418511767510755462776120608406764473531720287965444321299412e-55
0.003027630543642238843505740719146857661672848999910819501598880686666976
-4.383447917659977851149830652493053392405334975868714535680146641129224e-55
-0.003022265652256892726174994464344369524077451551231463311932291425819005
3.28565603732243920876455758335025972609984284480247518138412040871624e-55
0.003016922891418920583281978179215296167405813826911410513156632227932836
-2.462798840735984634177756858390168966243870766824042185119141801248852e-55
-0.003011602118002814208337651483590901998691357464680148134747428584911156
1.846019902221143190529537437360354013198752178722336713675947368990296e-55
0.003006303190142402945743810217488671228443509071835094191061180916726464
-1.383707864559000263876165193613947449457998835191999574715879299606873e-55
-0.003001025967216850278154231692212924428723256685281057057637226736986601
1.037177361934112881503825329519640687897745753247289621118692576218787e-55
0.002995770309836838478306976366441350325294001565700922749705831661758627
-7.774316822646618332653146495311381975651949910005201256994013531785147e-56
-0.002990536079830938367144572782455694312699748288309823271311360001363611
5.827362370614147741931712322057337264523967505575009171881006706886376e-56
0.002985323140232161273342034681412408902235684897860538436786716802405105
-4.367997653130978785857822919561593813888948267258976291457163943332245e-56
-0.00298013135526469034158394188245626822247045359777764296016432862884123
3.274110600256276478218436032811248741114906659285040956872653464989602e-56
0.002974960590330788388095575298901053553164458684406695789873183970799488
-2.454171289856976764855554517679261167021453867187757402709862916540571e-56
-0.002969810711997879552063140803061104644626723284165915005129746570159511
1.839572758405744331816516734293450744992523409920054323066248293739306e-56
0.002964681587985802040697666263520862045862933669764951906342508504859133
-1.37889005253433054412820473768316290874683011683943073776599617082616e-56
-0.00295957308715422931382885691347936373863053793052626843227042565594436
1.033577092570201445185152796262222692792749172344137577047781674052735e-56
0.002954485079490257101081133902608553623817173025304268515082146451679328
-7.747412455841136796714273611304189827557964821231515743680752703576445e-57
-0.002949417436096153690905803772876692095489818545707970212766627005614129
5.807256949262928510650601789165198977743093381973405648222552358798679e-57
0.002944370029177270976041828289682390016783958724991519892498389301678767
-4.352972939867712316467592636679824813265852692527546501151670383711992e-57
-0.00293934273203011378437348558666254015090464603304440267180017192423186
3.262882615810978280371772820226948966325244321090069006037961206914823e-57
0.002934335419030565067666335144575722409998072157344620425386711250172477
-2.445780555052215063213270728722342541174361240177362010432633314987348e-57
-0.002929347965622264563312833430072614952611231676338673197051390702283903
1.833302278828276199534290765236897853487932622679074574771178479316151e-57
0.002924380248305138586024732245624439811961163285203795952632944895594169
-1.374204033191055917473494170017592794106479370314138612415988347832985e-57
-0.002919432144624078647389604218289240754056128827608424825081014880662093
1.030075142579908151873540175214843769647183542271678841544857479737673e-57
0.00291450353315776664138160589194424635359530353856631899968769346850583
-7.721241575405818458200213162892579921983017702169197981899602885251699e-58
-0.002909594293507644373299597247592918820817175516751838059942666690980369
5.787698732973419591935222220931548002535667778437574057624937141747854e-58
0.00290470430628702524821624950951398977483471063337969271184924595893699
-4.33835646444104150605994999569644064631907340348600961214210509975185e-58
-0.002899833453110345972876638044894061235876933918916264921162730610794598
3.251959197400187926097028147411201073159132398730919986250252511724937e-58
0.002894981616582556162100477054922573889899625252061673301854987867884982
-2.437617044523351640352508798996721572342156021146622286056223601117395e-58
-0.002890148680288643777134656967754931009766205263607031662499454304141166
1.827201323960519924197657343824365928441060218286227048295725136504799e-58
0.002885334528783294359087759995738645962835804179670798537108834867249433
-1.369644492226585497090634542517304544310103559094747063257986125127779e-58
-0.002880539047580682055571046851567099242431970386973032372108265968547077
1.026667556199900226733347698791699578337609587696605275390434334514961e-58
0.00287576212314439047298595710021556932495277914561801632808233009444362
-7.695774735663511805028255759929845352226130746846783897818745969654621e-59
-0.002871003642877461420551021786686537719919033689409228268716783084709752
5.768665802783652987453689488838466767068301532334343929019093700148225e-59
0.002866263495112569645165479483830875661250201047032998040976924555920218
-4.324131910404544212309624019176300563857272079874632083207806769585175e-59
-0.002861541569102321688576709249633065182633956058854032464798267143665084
3.24132819888335637018185463077768317218887584380952473301909936598787e-59
0.002856837755009677030067412170455220293436814185753913218173224551888652
-2.429671716403267503139001103477861434119279243138188715947823092394167e-59
-0.002852151943898489709019534118125642663327380379931539915533453379958206
1.821263162718611876762624578914297637595470232910665910907405946063483e-59
0.002847484027724168652258162093440163743803458273231421321536452159386547
-1.36520641870424336639940245972399226395550045522544330763779785971705e-59
-0.00284283389932445496104267816047148007170340618124114278454316381153086
1.023350602992164545226508298947148045423619884445967823049204538575463e-59
0.002838201452410314441966656391312308165660291958772641463134936934443679
-7.670984164578786273067784596641170734332816596593337435254699098860647e-60
-0.002833586581556943694864389661740853975738166211429505114513633771268298
5.750137482883666527744868131593426718382687239642329178511465628998062e-60
0.002828989182194888099112304428923587206682234038331695497073958056987333
-4.310283884723086236514709308315543562087422835124766364446658665042549e-60
-0.002824409150601270067469359403167781879084664090563276906258370845498406
3.23097816004280694670490191727645575958700584305492554730183316872178e-60
0.002819846383891125963833058592767249781728746944081018563353282046433187
-2.421936038348686547828215613109843302954832655156924204500170074561592e-60
-0.002815300780008850108007911254635947081680808248609075959848059127824224
1.815481442516016812200037233327477290123317429937102931596621368631633e-60
0.00281077223771974431680175847396244972284589353451689204777872020935831
-1.360885082858120639002533012742606815856597279083560549233687747359511e-60
-0.002806260656601671456492829390053993899118057655763042533546406012051107
1.020120761393712201355286404115102036677634756989862763711778113677546e-60
0.002801765937036811506956919958647373696648082711910538334848540156749086
-7.646843641830722592590453732766265941922176722077467582676389767374608e-61
-0.00279728798020351866251969960295094381056599095672823999445370256723159
5.732094250242484307878636759697511346847545801795198658843823340478721e-61
0.002792826688068278018913613561416081935893682893191210029580341573510149
-4.296797850786191700010663571048324562154588379900816849728834702283186e-61
-0.002788381963377760419581705692323023694956460598199040923625985287295735
3.220898256930381644142821983341540471123803713969553035935784009608874e-61
0.002783953709650974057991265092581898647231657627412949870660824546009436
-2.414401950734048205256027784579384732652653687097862879824254137263544e-61
-0.002779541831171511455607615324818540137926571874714610927527865189501524
1.809850161979864017806759154485488061255635120054259624998217981904983e-61
0.002775146232979890457741525815959673266856653990537176848434690693399726
-1.356676015867716609659480708943681018026889531572506264502966869507963e-61
-0.002770766820865987911631337997012598759861290145270480954722168653984377
1.016974703723158276967598106155371424826698651220951050800185663529658e-61
0.002766403501361564712861474289937078330899741909288737952015746114420699
-7.623328387661221539015053514514248571266813456904047055257262476767562e-62
-0.002762056181732880927560854636140968968650753769151588060743958292563521
5.714517652205258894767971592480981377899078606118780569371988113456422e-62
0.002757724769973399718776014368852526367776642942752120933484781649827969
-4.283660067316757849502879596196984804124384847469919531893252246155114e-62
-0.002753409174796578825982347857196381238671522299597695593152116945404768
3.211078256574868175576429704667080128940699984610533963428424611837328e-62
0.002749109305628748366890665490394196862496446289627068767518421821979856
-2.407061833071141915527480059386092264898635737559664151430966250840409e-62
-0.0027448250726020737505327445696024404910751243457138163085945646976232
1.804363646053518691927867594612482740044941550425658032125495338011336e-62
0.002740556386547602510076205455176910236638106943392406503238383992471173
-1.352574991397833336855565722396472951793021601741311122385076222046794e-62
-0.002736303158988393882933115501682836717847828923376198899094631355757667
1.013909282493212899405957766084664785458644820742412798377474001358742e-62
0.002732065302132729984495316237802121496504081508091261061389505420353154
-7.600414961384556279582897295949040829618279725695302540423849217144331e-63
-0.002727842728867407440259527869588555533805447018925113834676748381065178
5.697390231238093167654838769027516021757390378553388486043498357427749e-63
0.002723635352751108359203599884190678189559849470584963884778354389037189
-4.270857532567992854150365767450941094505736378072158528718755677429143e-63
-0.002719443088007849549048487817868566630003262299764942507620058153816986
3.201508475602041205264318985220384303722439191700973986920414246618704e-63
0.00271526584952050889149513837553714952453253011289565725165407901903536
-2.399908473323663227029386508470745246462901647536401320141502106914703e-63
-0.002711103552824427812667809549983221739478719943767248552830866032585314
1.799016523241151374758013540147589632830798088368968598334040035247629e-63
0.00270695611410108880083165136299940216004523240181316919763834052781299
-1.348578008723413605063655466508512082531836698042351129184394118059367e-63
-0.002702823450171866939988702522336739905423606615485321778857995640178079
1.010921517895963770590896617720484595297431322288427488213604116286374e-63
0.002698705478491854444198762098139309468960077897940303661455215252056262
-7.578081168575334635565573505134152289402894465028933978272007898036731e-64
-0.002694602117143757193425687130560228563300956763886737747388189285359083
5.680695456094884049370338440237626504553458715566716603614495651161093e-64
0.002690513284831862287381234248197559790242033541032332165867652744746748
-4.258377933272782333654788992656353068042036635236010846292132412694163e-64
-0.00268643890087607564923316977036675723967729163302353835488246865391372
3.192179742371697365073601707196128089767328572746239647257926890648142e-64
0.002682378885206028726167461679762580992020356531223602745308905302755395
-2.392935039824563292617957384485909442556297969297735959642326472128656e-64
-0.002678333158355253348651263859893586778315710654327989250633120719221111
1.793803704778589290054708896031954437545241143913783441191132633723871e-64