0.2976956374307084154199388468926446571996813086568835995997686670312269
0.1062251932027196914477073048507513538754641312768661574904192765190445
-0.1684020831655245778918669724743772510555888405149605905789326689324732
-0.1127522591759300773814740074566989833500908831869467405410776436829731
0.1166723856572512324046120415498433723577125121664615279612076574775481
0.1097699164091343116118978860935751713662695950358454464158063481045467
-0.08520546328322494161904223474881797461179943832435867254103727890346885
-0.1037459244682028012394777218016814224808766366528656725316995186431152
0.06376193021743488940420650313101463309195762627967250825486447013885877
0.09676557086014054405569439588803375415284682641472996246693554433630134
-0.04839190259899427627627152477599170475837045117353147315547787988544539
-0.0896983294743527878369444681585072606208999682434092848771364998260281
0.03706537547534520895565754532198150528883247970560022301995553382659976
0.08293652712991425562451518073294536027459765544028060361596765410785617
-0.02857367161260224542266541176129740234087974850459413846238545102071251
-0.07665238128549742273482890809139161486604228462533645469631127023946611
0.02213307085912162444164180516723925584556341791436300910554171348787226
0.07090799614389704790891773501232301342383028002889179718903479325230877
-0.01720758286196540512446059690901299862588196562091148616768943753786915
-0.06570856056219823526054178745068465627212288674521292776722902735168931
0.01341750170614688454800179356638606205420804090199043224005434299613329
0.0610300889405721435156514154589597841490450831150073496723004143897854
-0.01048720972367394442799445521706842742643982317063966635689292723570298
-0.05683455127250151436095816804697840903055325704583941477685084387754886
0.008213121305376968697414157062206339160679941595791019351202405035254436
0.05307830926562793131321240850612457619545252748376451482066638174532196
-0.006442902431326432142448315693690637513967205665611162963544419515314442
-0.04971682624720816286837944296425645457046269281802330738237924914795626
0.005061443672017439317393577028059438898170365865404754518210556238786393
0.04670723668714207966878740237695574904856294752537462860860028287019424
-0.003981097066367928728737071959911899234130740024302887106515851167707271
-0.04400966373789441795711245742206495730918992520346713053075869722754424
0.003134718964778639220696541918978312186432510594526204075160766161246423
0.04158780011424129677959875132201015573832124921663414222124312288420518
-0.002470620893083458927155174677594049866918835249593080283428786685563673
-0.03940905872460349423321028118085886644844875785366679166572568862355349
0.001948852042303275915560897479774658880961566351515319514965175130227775
0.03744447821057838927459382528548515114976001711976198561851505432580102
-0.001538430634192716100029660622111135087279938975365389296920446831489635
-0.03566849619255710251658110824028554721594840759648052040281725201238838
0.001215262828084075012864008592428980278310293930081085956440165257848513
0.03405865892828284394181067171786509439019366953419824774076813009942839
-0.0009605666057607304393174547139210768751573274808165037686751153625879672
-0.03259530882355170636403470277687223640517950958800416013757759126291758
0.0007596706729190743031729234421917122656514020742741628218000255436649641
0.03126127421514549989934440785737229528497148780289646376514377050766264
-0.0006010944095211303419460528297377063769444552480054270833926678895051209
-0.03004157518568584086768531239852868521001715258339576466675629792443117
0.0004758400430173308915312738756317396573940150024248650603406075640534943
0.0289231525099481132112585299248715680572832074797727371798936127256925
-0.0003768460877189715346731992280110655771361497861976383097693203202327016
-0.02789462271300680447090726022506143086111891507936852370538308311821406
0.00029856398186156314344638255543259141716628374019177687049194840260928
0.02694605972448544946779035743878795097914182164671314041382010092980036
-0.0002366292657031669417799988884496380749026542979622019855198119438462838
-0.02606880215518503645420563597263631932743634949625851681615809453270322
0.0001876055898130695382420953603703685088251375356715085856550132471592656
0.02525528442599626365344931394552737353700853672879519535193157912547277
-0.0001487850147352120738630133465483539778705516951669888926172713919421805
-0.02449888960035275922910469505525596480958337026938298289545918890402997
0.0001180319439688845888574863327191847659230910033316965157223964126120182
0.0237938216519661770530829191552421598986200840381299651225001182066794
-0.00009366096319737873419695280134879316167381910326515829580329205817099688
-0.02313499493607154278544202205232444678996885508177311826486578203906892
0.00007434108485251114640549315997292758059819813112334210047242535947873779
0.0225179387580878173381216762518993130713986313802886948383780110023846
-0.00005902059616331271915933219712612126341154662244619740682325836481385942
-0.02193871510554365720518922778924864428351716669189804553076156579264048
0.00004686801108381160600726147382050087702000202219554692194909761358405919
0.02139384780016961911572555954070207691099640687047421899063265774809547
-0.00003722562827714511490021142451710453980077728578592360643850524805297857
-0.02088026152044226769951782899674429299465130134004929368491533827888614
0.0000295729704583389539869407370385855445540083183614078467030168023635
0.02039522933063381779811268523239130955937398154295257931495265948110107
-0.00002349797874528202728754367284325640626628406502965332320043887035635748
-0.01993632752507342677807500111251152693121177231842840052953073618484653
0.00001867429990425162252979642436094639930827504042632798136269277824066352
0.01950139675322772032866458946039224624023474397518993344550904970141614
-0.00001484336535823094503904295197112986678958127342206156091601833115385079
-0.01908850853153050165614023015882876351224652320327435204664816946298629
0.0000118002420712378632920114489897096136229765561866798496099460094581017
0.01869593637191134045233426183400028742530940938172860882593667085891609
-9.382454927851718105169371420238814634718925515685031831599899955985322e-6
-0.01832213086560686975815270013799692221320099345820231847692338800249208
7.461151816747625267702591866551479231579953121770881745930714477453199e-6
0.01796569815534148113405979297368382057611642787138571472734870200350103
-5.934116949971802344661451421926935185877327024912393037419537046699814e-6
-0.01762538131073256037944118076064548982295734681179245326149278891585109
4.720243234030913764750556971476460176684194429533483676973484660551105e-6
0.01730004419222676847607670432240428116336958555183278559580617899228319
-3.755157127785284891654530910738617491280861707296132509227589727973405e-6
-0.01698865744937247861916259611599474017242595523909698881124370958671501
2.987754323112875293417115153687709845485822990372324184841179095269643e-6
0.01669028635104938991664231089803428992604508978488979776865762446581369
-2.377455615817326576319606265092480223258584947407714126496929841114446e-6
-0.01640408018956504814827567294601957252884869126785684289418494746292947
1.892032495302741246391879702970483976035543814486395981934595812884947e-6
0.01612926303832358354802899578789442278547163988694181090025725014130842
-1.505883613007206772205921821873402083778244410745535425308766354901682e-6
-0.01586512567498852492297676808234357950603530717901875874130668396107042
1.198668221349518217168349043215562676943559096926630069989284444165171e-6
0.01561101850949956028287704034870737200692166910156045681234818448324335
-9.542223393382717180782457801870256556421465122273890642506088366152489e-7
-0.01536634537965847476219148048777418122991240751818736637994558623508238
7.596989205565259353540250702368500672037575021299290106145554034394171e-7
0.01513055809687366901360962760344293183090395090152710544626002347250234
-6.048855546902228345233413494999848183547197452180615996841040859223166e-7
-0.01490315164156309758382148268684524268389236403039166347002025541243577
4.81662916815546558660123256364374698839247979703076277742359264171492e-7
0.01468365992210569425113836447175164053995091185342327797093161780453101
-3.835748330539918165950684902695223031485412507727106566083265417411852e-7
-0.01447165202348039862031100903690245753226801552438701081216347873856093
3.054868847623520101216991844191447496669424413234107718371459055300139e-7
0.0142667288821628969680092507513472793747189358057319152395781672012893
-2.433152630146965396870055175137532258265587782130345427198856794761029e-7
-0.01406852033273808824839343724764303892931957795442716610512041470761801
1.938113761983241512424708379242403021720383968668242965244642323247534e-7
0.01387668247926467564125814602156340296357432880202503654189988043216294
-1.54390715390200682893939491388755594671725629170959147617503852395431e-7
-0.01369089535089538657312503032791517716656057683045556780091338307717541
1.229968599457196126758831265214587609841743419472332764156120873407681e-7
0.01351086080678019504993902622922999991645665914516034372118914586206091
-9.799338978944143582882845038156261647158018251276254952767689465760915e-8
-0.0133363006600029466210159931352344696698660358024756256404099465956553
7.807796422578502923370909252159218816400509435963828581626551586306558e-8
0.01316695499434455569900192187532521819689991121201538678489797109085023
-6.221401106749705138856386747988137152914664144542043274458673294464971e-8
-0.01300258065113055777619063443013016300776697268136421107215502019705487
4.95764088546429505882526191401148523762078017534822396066573995489689e-8
0.01284294986639369699491847705056313740904749694604708386293635200918798
-3.950828980197795240249753957364431058145761145397935948684685862429818e-8
-0.01268784904113660301663970680994150437956987124697717300454790823673578
3.148668214191396899996018193787396496691276891779986600707126596800346e-8
0.01253707762967744447580677319005880774590751656207987057236993222111886
-2.509517960555228373382670971438710499235430267841067086660525409904846e-8
-0.01239044713295525155314374355957755138775469843190361938607028635403589
2.000219815258138744427023593241050023861359135140280947259329426383598e-8
0.01224778018530588519940649983736494293764289251059348415508939127836063
-1.594367572233812312663356018361926252219097473855238347703884725284969e-8
-0.01210890972463214033116873644934773534012969144341983412063318255460756
1.270930558155716902990416730929157815974574974143402151047560905031422e-8
0.011973678237114235975415157167080390259684787119597452883648898049326
-1.013158035185094297355179286930052151694487360074322884532930265696604e-8
-0.01184193706866716943610183337401748069077618876527941738360674295648816
8.077071972474438729783450220337782756084281912072243473069414576416963e-9
0.01171354579627221537226834286877586288459784654378456818076424101712026
-6.439490591283706123439826765821622035338350569590699205761564025562157e-9
-0.01158837165311090449011961788671068326268313399870024849503740849318287
5.134158945963530431880107434510495455917178046366685140041597748655151e-9
0.01146628900212787121766820235058168749309788209701834844870802874756892
-4.093613171384026833007664403088281002777012085848647429002559681189606e-9
-0.01134717885325829499612020343236885993517989655433303095238780053305483
3.264100094141365742235745009498753977393498656453713573399971122922768e-9
0.01123092842008846243009849485502299033866365895562318919358754072741029
-2.602788085099652227598571340597504842232605586615872329031195459909223e-9
-0.0111174307121846601884242447224558405277462182250583092860439846130571
2.075545922842090133734076264835876310267524405810606445866196331955292e-9
0.01100658415973507903749372540720874429277129000653263923744873335572645
-1.655173851062328816549285612616163924290926038158194173891979725853386e-9
-0.01089829226750929781416406804045160372276695795649356616871950180480234
1.319994660415320832590385921772367678555904675291748627789833379949291e-9
0.01079246329545676677030042979865602999227002622624050164004530929655663
-1.052731436972505163517425291475030133468810077147587545447225575712382e-9
-0.01068900996354514312433589690437501610196428356359813576609688315027983
8.396135858662181665001629893136269815283353951376779428565581879667785e-10
0.01058784917868618182444713936824550574315363652772269764201604107549815
-6.696646472779664521718932389217574704431292526289863329379842782232758e-10
-0.01048890178181531486899415395864733224015068484214902043982166618021909
5.341348984200444041152730653655659394673617413693936252571735297120066e-10
0.0103920923133846541027101550793101873955865277404121042235405131703612
-4.260492770661095255644188793934762488361821360776257455757321460881944e-10
-0.01029734879570102718411854066347805067033802090145218034871666543431164
3.398471650448133073883683088018626663581412373209331039386597745947535e-10
0.01020460253069348791237886642411704051699639814576309766713295020590112
-2.710953484510622854088899093773315846675879903156974268915528841505815e-10
-0.01011378791183085533012372684060832734287535831344612335465782581894805
2.16259275295066330307550638212549610374057868622779141335453169096905e-10
0.01002484224903124848192128123209874879050433767235717382044086314019001
-1.725207598620578289006103430056542618019456668301292986667653158095829e-10
-0.009937705605514048752512055487069183471090531358445336120939922947949351
1.376326944675618553691354059277132759196602845626006348250073833054484e-10
0.009852320645641765469880087469138046070738454833110456686941501474489099
-1.098032494827497433988974452725990664241571839128905619267079772527889e-10
-0.009768632492886233360033745206871994352666019433924438838947309340182964
8.760357166126900842565138127187327863780608145888850965175334388713293e-11
0.00968658859713159409181448384134066820422821058109775871779754501847564
-6.98942086494701251354591399560558731151687792669892991180207802300915e-11
-0.009606138610596624333661005122371482096491274740308738975680895579014092
5.576645755554770613188074544921975937233067740096844850325913298565423e-11
0.009527234271722059092457244217012933507764819850845754379404442656100927
-4.44956080903159047021262349150930844585679837024006408366703628582103e-11
-0.009449829296425401961349020004633614434666676202400637254711224329482747
3.550366627131412009390803188218969433282599916572846329509150013060037e-11
0.009373879276176998792875004448369866528841371093623351837779513132766793
-2.832963500320028063872339335368630431030033966745254292850285695756551e-11
-0.009299341582397481372000954607303273548911630554159860575219913379317235
2.26058184878312922700482416014401558740588471744120080285944220849886e-11
0.00922617527671859433467919542680833426291751107502546582686274748127517
-1.803892866199474577932440163590450142381300787731264919561183679281788e-11
-0.00915434102668737082849033689963431538762644262681161566722954462554026
1.439501986185328740977283437957418583975115407814543482107765859001632e-11
0.009083801026528034683307882913429054214244358716880798391290619533676068
-1.148747553361039873018298260060198776727613539888233748392125634813023e-11
-0.009014518922607245934386508665548121894808238878751410991203388525655793
9.167428293686918009132949004402967115970982731257744688041919540114272e-12
0.008946459743276697484973155460060541347227212975453052248389611679864617
-7.316120147766315640852668785107382343226311837683402594427217918328416e-12
-0.008879589832792902010566932436151005607789367041875947906430986918318675
5.838809705206996344361687166789477425560739325186366523512381913157564e-12
0.008813876789037536292072369486157763709595774040907593153572506777064012
-4.659912950320880183992291368700022706185763718356958920382036654419281e-12
-0.00874928940478316320056558211930367848762380611503153353221053733312149
3.71912767888056639677540787190952707600240337690644560793083152641034e-12
0.008685797612268732879527656240902526721714563469822075624361274357769277
-2.968342362477732524190070835711479440960224773833737109652607199163946e-12
-0.008623372430867155717457442388730490864204592309757808378351783214262203
2.369170582723414139673162132582988433324731585786418994089532816063057e-12
0.008561985917643602576833850728024624767337212620497608172577117931930373
-1.890984367516531165788032234159588699406758334348278649581230496589593e-12
-0.008501611120618167455083334576559178665385252973731591311712356384059395
1.509345424720410592326906060809869584876622421221075657396279887707182e-12
0.008442222034560254180972729509588001222197205990533074484011403818734795
-1.204753729006902667185748395953836999475511414613231858052444539549431e-12
-0.008383793559154638367217214995277213751859959878719391589455044007812149
9.61649230830624875499173840733222184237118020076683620467375825873886e-13
0.008326301459390713217058251452911257660874089875026783230872388209251455
-7.676154636696173003989132527709637283572180915641277550713475469248905e-13
-0.008269722328037046912763137407488237575963319444710086039951121012265
6.127441972547029333135687268976098020123486731832651176000917751397384e-13
0.008214033550073144780495501328211294039585510872935280805041567005000508
-4.891285548900478951604739906684894470855941492447157709295397181934699e-13
-0.008159213268959297428229876287708448041955687927668279814125244046345623
3.904586080980934587448442219183956940165650508315985945439158854757407e-13
0.008105240354633675312898117123671768312414320786217550444468793674919738
-3.116987212503056765821233613326964096290998234542665500185420489343655e-13
-0.008052094373133462753428939503404592198200988860411853967187940800404469
2.488301132511166440780957855186120605400203786765731633011343069874909e-13
0.00799975555774386634095202379697986237653683083898605491763530689547103
-1.986454485168994637341979770563649311529571321959782404172730779579061e-13
-0.007948204781585334735213162992779146363956421350759054217479273998629205
1.585849374750641915881083485831654786203459457230734331492149078333477e-13
0.007897423531555334917314814777184219673100143639883903569542806656606937
-1.266055547664101436131976663634635558521704882682426185097051305455874e-13
-0.007847393883546585737308796750613555255450896126671689360303015712822164
1.010766806326812418126370883188907583559143568762182035350109251177301e-13
0.007798098478868790836838884201365764235806538708446001946076577985650335
-8.069682481484510442671359113423444824255143711078299012038753957334161e-14
-0.007749520501805674059359861150115375805155800771362249113494005959705542
6.442717221180790666986371627901237485173384077820486591151422926822443e-14
0.007701643658243532479366348090632283600910637152435977821840108351673092
-5.143855100374807782527384807325453371446492211974523881770419423793816e-14
-0.007654452155311613571444967898241581467176272831445922540113901157223241
4.106911114773701315412833968985896619555960701385613428619462489527818e-14
0.007607930681978419647936584404495904526488536788437170830715279200472424
-3.279054936973429047220193844496560788478827013007236424723802820772613e-14
-0.007562064390551568079780097635419688702114641539974514915553908996541485
2.618115413002692562454242700658399294365167648967232048403089147353933e-14
0.007516838879032111469884444269912302670737993522030404577324950953657653
-2.090429295867234797216858563366030608853412055284009139730090216936172e-14
-0.007472240174277267493075591238745507557986673898009801669402809191251552
1.669124293311030708703886543366313406847758428950831876668462289438353e-14
0.007428254715928341479302019206573203364071863409184516604797054510548958
-1.332748717067311280512191773826264125716920596392681778598142833454488e-14
-0.007384869341063262391571153739225079139696623285590802135418868653010915
1.064177741554335339068604070559559441094374866974505446367772172063742e-14
0.007342071269535609640391355597731154957937412734719836283464846278142584
-8.497404191185857108803630269232742045757894259763812777631813505978391e-15
-0.007299848089964297923342116572335342152675093127276775255921722156273905
6.785228807131720939045711054428724742768978447379249378198750535393548e-15
0.007258187746340222576169101630846593762472366700797141752407396971166796
-5.418121530019629506911713016238140678375348024021951803702541019383623e-15
-0.007217078525218160322435178683196261995514485939682409541513823177264603
4.326522061373891606593047022122101748455671737287062384031299494165062e-15
0.00717650904346408041570429640790498711514856011696097214909658969255112
-3.454895785101969763392701248842372983638599864846415106998818538181384e-15
-0.007136468236529758721258767572248412829702250928850921801464203876970503
2.75890498909342198170998859103784806827097207949214920898515584907716e-15
0.007096945347228211236133982833415610242985391810712259128673456101890263
-2.203150767546534870173517244811100619914107154114992788969333337174579e-15
-0.007057929914984982131645796075976862933632290199835068970566126247138753
1.759370440627251914638798336643593686856875356711004556496728333482661e-15
0.007019411765541742201260359088074447828663845078022072500360749478263338
-1.404998575285049120088806172646667594863148019258719081024997382160726e-15
-0.006981381001089983589863259900158484010619635983637831261929187393414166
1.122018243957525964579865719446243121539323020461601434808482868535248e-15
0.006943827990813842302478523912878986697405218456619088042475497474778904
-8.96043964749864857326598434086504161024178979058546503400267632948833e-16
-0.006906743361822247175179003642357362483249942271103955219589595659768434
7.155895841137751788021216735880475681584382967412186913251838767950001e-16
0.006870117990451688214234811325055971568155054762549952483063976818957702
-5.714837948253879538868703876560288242371340522865272463119401315390213e-16
-0.006833942993921923527863196476501431786752638877940938777519468715709844
4.564035099445445153877632455110099464759698270919481046394138354918882e-16
0.006798209722327907160129791544777195090112343101315026126331842758329124
-3.645013218745407089582859809194807840524247887938267004588420593355711e-16
-0.006762909750952124307753418028618973790399190028486312883449232643278692
2.911080714201080827036027040109540523237862723749232335511776802203641e-16
0.006728034872882369653198077980821247109969923111749279330458275244140104
-2.324953796861209602180859254771983618176168675567786833284272495723688e-16
-0.006693577091920802579583157669739535223947176943547319352514834812757427
1.856860511496695517982493324647972954655432366424220672855735953758419e-16
0.006659528615770863269444387237136592192694111889439220656243581350778336
-1.483026951981610419286232026731270469341295399220550812062128645998884e-16
-0.00662588184948933930379374841893429637061479440739458671727562118944388
1.184468602958235615613970662782066096942146906543349394528742297655312e-16
0.006592629389191536312599525779068907497086284998612686789356257345401584
-9.460252903528414792764043009823736239621170349738887412541287134192132e-17
-0.006559764015998131212194917975807563999786869886619441367604417608477457
7.55590629143164689509374524497575750988534547717226973634987956334281e-17
0.006527278690212875132555567603309743787234761749939249207187572964177029
-6.034967601387525241066260687020328916774281789013856818670495472303794e-17
-0.006495166545720867640401316832103794572165846448223262929856781634806914
4.820230733574504011188594449278283703494666061490892559714000095233501e-17
0.006463420884597646488460137268732777221085789660160886803178945924045929
-3.850039268872117248301239525253276672228384001999843401009852862551886e-17
-0.006432035171919829898874293105654419066656909501015317175350534288065219
3.075154085964709309878013719862185264694736684300476657176818358135465e-17
0.006401003030768513209418192673968567645317716215082914205472294318571318
-2.456252104660275597019884010366505333998283515081777199725692837710995e-17
-0.006370318237417060333431074708179447933166460186642940917096505946446035
1.961928966158419648613154618677245687712739853939528110948464410323436e-17
0.006339974716695344545275993566444346116628438257727274433247585543555119
-1.567104098923246440054969704544907447787131948006344707473049944402463e-17
-0.006309966537522884127596785303611946205231454340490632838504721213496112
1.251747087590672728849367963717962230825995084963192237523423593604669e-17
0.00628028790860368782565524472508848814697301920090209120916878365310888
-9.998606044388561154498293966518296122902041395544995527459843447381295e-18
-0.006250933174275974172410461711333702058939430710762086856067300432569462
7.986682105544343836620672303373126391089004078780258100389179976680619e-18
0.00622189681051025881147312065799930558057525580730984233955792311844707
-6.379657512548032533471473537221985260257773518927658969006729104902189e-18
-0.006193173421049616106773871596054575767792092595932084368983088722363642
5.096033879050420063696747948238976569747022911278012288058733685909696e-18
0.006164757733686216664297157232936200903460993684027971911642113996090922
-4.070719493663631018422948970439313835050713055250610679410015946341057e-18
-0.006136644596668521908079129028108894518598959551199567134132864680119566
3.251725889194751809911458095918789563267125807039198892807268455650305e-18
0.006108828975233781489438450213993901895146009795112647154690112534973368
-2.597529664519872170357955042250323781488691226868221238241504537541091e-18
-0.006081305948260729943453595318425733892025201266513372684328785195723513
2.074965564055046119562226843331765793269659745084968283520260712112773e-18
0.006054070705037616461477423993438466945873648352795418432693270220500305
-1.657543814316160001237237301886185213819447256833397218534112744906049e-18
-0.006027118542140926691562575638194676148319522749975426326424267575233398
1.324106272175345391278684059400885666798270361311507354579164976317324e-18
0.006000444860420368829452664092955702970280448978192555021017487002783013
-1.057753151403383495923525783906381048173670313656030892362258661084526e-18
-0.005974045162085898594911208536398595043680659873560099104560430326290563
8.449858382200775319144297268638675836867907725260245876241449145438634e-19
0.005947915047892749632659820442828078605193506579715425827754893110081254
-6.750222817037119429356181633592416207110981010652335483620325742817331e-19
-0.005922050214420618025466440758668267264227763169945935100129562054056133
5.392502090184892515478005430234352757180259295780952668050143874398586e-19
0.005896446451443322513402406659009766872005030495773384549143895708328222
-4.307904140235154048529267990840580327722446993936449330258514788782575e-19
-0.005871099639385426197976449308364913372682164387379375835406848208413463
3.441479566558700322687233917882610051646031027597366095007943524524244e-19
0.005846005746862461460647811003639785055888260887820375334678225727061301
-2.74933573570863275164695582516024488438602691995553672141183476781743e-19
-0.0058211608283015480000610426549289274542101718317423676539226528228677
2.196411646730239310470136683711038353407714477337811929512490120397473e-19
0.005796561021639334721222020141629800686395002690349346411740703846305141
-1.754700664782715774151880497735657187720996222400608218107532159309761e-19
-0.005772202546094330096643745153251445576358485640996194234733204385123701
1.401830963172750574148344749118434033382122244479043501984139520136303e-19
0.005748081700010812943755278025468800464486697445286556207374238612850777
-1.119931666922539915533903709979554851533148689342241773557898753829614e-19
-0.005724194858771636681339860427105725897674719805048888884790250351177926
8.947271884015624502975440870446671242132653526383459172186061382788567e-20
0.005700538472777355375916263108610821761905216187215485811825389716772762
-7.148138236378607973139339471211797586191674539450359093979995478783529e-20
-0.005677109065489209582364974488720271891433155489517457567231638562794532
5.710819246564838007996093033236449199595953934930579976501196484530742e-20
0.005653903231533614418674275203613788556637032827084199877797143906817396
-4.562543480940512314764143711664146624255533637339228569794249270501333e-20
-0.005630917634865891771963967836574914008252228429328165449188902042700716
3.645177783552679001993043789259029935564548755748271708078120506389398e-20
0.005608149006991083275149579342975875946396807131710767381869723667469821
-2.912282341329303374381141952088308953952984192459763838031109481906096e-20
-0.005585594145239770968675489904722303671914413596026090819215336702524383
2.326758293230044844551121564473022316365965110240139943737256472549959e-20
0.00556324991109691860329976665686426236762057298845468910108151820576751
-1.85896864187492986957658218022820171322575387909308362206724127768758e-20
-0.005541113228581828568173220027001612001230533441026050263801045684392483
1.485237225493324485915515386334948167115442803929951235703298742115097e-20
0.005519181082677387651063503033687876831151877754257186527064409521568595
-1.186649676337912858959112020022597416876121422673528378630039385972195e-20
-0.005497450517806849450382761424096688522859956039402685571137846691520402
9.480956016300283077076424790658867030419633491989959071829103850524125e-21
0.005475918636356472446471711735719113440127783841790401740630567922787315
-7.575034514213118723597839881549262700919217002170783018391941326985626e-21
-0.005454582597242400676777982585503104433622477633879793070770497406306005
6.052293048408274294427562316070771589970668945479459060565980796964619e-21
0.005433439614520238810797578475238038018034380367542229095019800872527543
-4.835686075054455682550590332242357245258864782072003414444914352778841e-21
-0.005412486956035835341425466113309435435833413017452190133691986440665417
3.863661241086137319267010416374185219040165353877632364411234064478177e-21
0.005391721942115846746583193698378024050368658197227954825359310798610593
-3.08704347405718055972791905640720600429737051412903251071353344056434e-21
-0.005371141944296711967473191088744886017338957993534249724927479297384062
2.466545803953988296736184256286514399861837355065992810847169908291742e-21
0.005350744384090720528766545375891541999592157570448571212294386356896454
-1.970780840539998770679039269151687176405872264414877986882960296651694e-21
-0.005330526731787909215532500706875888006119960349512405103680100377642402
1.574672195308421509391794551697001865528173182295492494460893296506995e-21
0.005310486505292571539109548774940445566619665200527538763117517057293577
-1.258185398594514322636350565117106446496702472114701794727919400482067e-21
-0.005290621268993211380419074325934839087571091791308467104779361901403965
1.005314047020937328954515078919835694877429032138473445844962967629695e-21
0.005270928632664817299497112781683057967822504769274274161573214840754221
-8.032698446488580211429225981475607204089275646759568687665071884527783e-22
-0.005251406250402377143724272935446193808026451919791995443713361449281965
6.418355282840375466028601785212896481913149785325573505147665083994186e-22
0.005232051819584593868542838884189066490350533648511573485877021896213919
-5.128479167538709454754758981621507637653545780591722604474442941672681e-22
-0.005212863079866802992561518513333286160594259796874506400851141990503166
4.097849137015396940904836573438012236304870746119233224794654052049863e-22
0.005193837812202129928369981201396395939124223878107350087411733340346519
-3.274355574741720714753409718878762004705681182726462625440817074780324e-22
-0.005174973837889961641203106717661376721379637377848840263442445644499065
2.616364167488958472752425178524344688247171054829892726655279887781174e-22
0.005156269017650841765724627858368767123093846025188071408815322959403438
-2.090609897038130461704319343515780713190312472200978686371313022824152e-22
-0.005137721250726931528623807428901153463691985539097310593618148299545428
1.670514479872263207692299824835711951475849377504785929292548036980328e-22
0.00511932847400721064970736824504450866536475755046120854844675362300865
-1.334842104103368711140793981628635142573962694132409210365837621398608e-22
-0.005101088661176622891489065468343668046042411904487406629406015807677872
1.066625437755790361101281480955969224404641828540676901102097905214578e-22
0.005082999821888400158390282005851122164356802786214971674740820377087194
-8.523075629572307212781428303958619787150006419022613329694270141250986e-23
-0.005065060000958827069902214547932866561648721130847652927718009102661321
6.810564194693030764395982479171952842935933383644945026712376457193305e-23
0.005047267277583734802807963440518913995663774745735299823441655456228552
-5.442170718098193050292549067948332043775676506734499920762588230137366e-23
-0.00502961976457603876841700273420820495137787439525308898970934398394793
4.348740891164300789849274195051464948215970226984191815512221965661996e-23
0.005012115607623659411685276590432394978531872062179398268787540941717004
-3.475018990660417180536401412245820689330790591794005966848251998488959e-23
-0.004994752984567189137549846027402479469939156257125864648904616049209558
2.776854287364564962272918370906224919752629447277123083009844481921487e-23
0.004977530104696691130909313534204047256048745111316463318538168456305886
-2.218969016601570563225952670012506710314846172316482839873951503291888e-23
-0.004960445208067037683312680679054212134683060175743517312011216919648873
1.773175015222625333794740086847265739173828286216183514550774837660427e-23
0.004943496564831216612353048542125205399480432830263490141908787335918865
-1.416948828264877189481191157695108932183636239108211647306977803116505e-23
-0.00492668247459105449777551166624582761576116941692893382170341853595839
1.13229322295115523062317510744766456853141683074311767488952137260857e-23
0.00491000126576482479828765211713074966291925870004127474858073938687845
-9.04827535716781616412048226863483193716180229291692584211058488892755e-24
-0.004893451294971227490103492755473300197103298056764455252402863268903271
7.230608528674120825966202940252182613188577516382472835240994182935023e-24
0.004877030946429244715759783607393674785609548216192396872265493649412819
-5.778112730840281712949175938137587147458642052530008731682968415421416e-24
-0.004860738631373394081513256280672818297788303556650505992960895450197679
4.617418882887959768803284183109366075119145835026351795849340873760951e-24
0.004844572787483917723933259221268854179598079782285306593698509866757393
-3.689900222412237840627403417253723155808664602362788047505298631949656e-24
-0.004828531878331461109977649657004617671231489185893181978028890777966012
2.948709823333533301339089829907398658578967987305428834695175202079558e-24
0.004812614392835810767344876454949554605039972086089967365007451790150885
-2.356413480160561854036826604847441580002223033087968462089037251024305e-24
-0.004796818844738274789398640197742736328157264334724873700444054793945033
1.883098297516843923286160428416308358275456730527726350044791867353555e-24
0.004781143772087304046399751364844913243033955857148103692854678552490319
-1.504861376529530594779072023789400957247785260401322211124936819096896e-24
-0.004765587736736965585921798233603995187458051234344042728749426675692149
1.202602207107843547288171638059313825055487889038036413829538552323295e-24
0.004750149323857892742834049554307371873269156610094401608877896226502216
-9.610577294560178329943909972034992896591810453752778678813154442526991e-25
-0.004734827141460349024716041712043799402853937502664377821484157251574931
7.68031296018867462187312761644883504790073277266634209732611058955095e-25
0.004719619819929054912634390534081593072232529654378232215608312647928141
-6.137765669385707919178553947233057937201671797524181851665354715249937e-25
-0.004704526011569438339526085796329963634308826957095184287823065305447171
4.905052037461160401979980927836766413701972847625609123489501005977347e-25
0.004689544390164980797755648925109626349038952739081790964178202735215741
-3.91993483488253745736299078337163545804061605061248904851206204204716e-25
-0.004674673650545341801651989265815532184325263946355521305890060701918956
3.132679552408460814379309143758838515161302455759085856714140312161493e-25
0.004659912508164954807077172346719483586372516929518857957472942799935986
-2.503542558048011650024549543163864318305030271301809325555357046421849e-25
-0.004645259698691797684653097633788044508074328859298444338154183296761857
2.000763933175744592441499573000165842478729378901623277874931369807923e-25
0.004630713977606050471757726334105092885696022868750442422241130615318268
-1.598963579303607381074597288113078526117892827541672121905896343167145e-25
-0.004616274119808362405685475518110650582455201508665406665427843286600658
1.277859565442195765530518905558589146511236787149780047358105879816966e-25
0.004601938919237459180667336495925678846418236553463880032056194927467951
-1.021243968924587081290880268980918127087678026226265101173667482037315e-25
-0.004587707188496829988353312277675157093612017707285977931777008358433197
8.161644731707761662144093691763467959944198696982853317628295385816736e-26
0.004573577758490242207859162292394523483428921405570945022644160274955598
-6.522703818317976085004871991994531239248532216412661065826149742060712e-26
-0.004559549478065839619984617177287132325547103580542888677437050456123799
5.212900155630348049814761494124372168485968373876280992248876085859688e-26
0.004545621213668587742589288505087407060219530623895228383540460924090996
-4.166130952051179055654164270401463325458394144549279671944645211532688e-26
-0.004531791849000837331714323689527448289275355361721578601514460778527572
3.329570188758383113837699370811969908465443190461410616679526410135419e-26
0.004518060284690784276716829739435746143445559324562702624646734761545362
-2.661001784476946966497401905938018130895128879478484940111484208073248e-26
-0.004504425437968611047823569269353440968037611722904064568529658778756187
2.126688472790343262938053995065417972736303327881192632633949168421568e-26
0.004490886242350101541045010770555743317298300948724970600436262873777179
-1.699668770131276877814760438230404809842318010271423017794177317450155e-26
-0.004477441647327527617827442759712538406346495534257511971646009724729227
1.35839603496676112662473757027212869494850570125123684113761058609274e-26
0.004464090618067611864258894089545313332483588248252649047843543068285959
-1.085650896546741357561823473089898343084211671173308303385780162615305e-26
-0.004450832135116377105794834373197802740647029034328303821317221681226118
8.676721379265844482676220973896224410529451157574678886916477988456777e-27
0.004437665194110699016672362148782863748109034599638969057770876761351316
-6.93462150365801714809678155122048780772872155941916601537716838225847e-27
-0.004424588805496383766423798563053547798808325208930712661040010146020057
5.542318920321402606309893208584338744128881017015631166986277290604901e-27
0.004411601994252598056832239681117964848592029327990093245839029400118794
-4.429573285778589237079833958027506091442818899422549474386809434971344e-27
-0.004398703799622484128621093356277387287804986516053986948040979504453593
3.540249624824041336115584219788495256258022544331451300846751254125374e-27
0.004385893274849797365158532513073039867952775077366281462953541454287918
-2.82948556440123673352251359246699129516938029256655673408873173449447e-27
-0.004373169486921408997214905566951165748373530016529238020205996394356144
2.261427507399265420833075436096434474799380511573867809982878306033969e-27
0.004360531516315521124785701767863561746149172169598642299422292980387434
-1.80742147105000587770636137952596392139328376491167550903673496725035e-27
-0.00434797845675544582536704293047780391789015406337325574185286166145216
1.444567269211901681506992605192577420986894008003704308118003621747416e-27
0.004335509414968804518772383851154999301414943823802609012254051580483068
-1.154563061171441261808674239274170895564149971965475850515541810978775e-27
-0.004323123510452008012292267057872991364301951317747706028628409016214194
9.227819480878871718790727736460683545982839296245584201204642736471792e-28
0.00431081987523988176217519061653075678640358971940905050155048742169983
-7.375340121279201498951350498342570554078687529867938569874906825012088e-28
-0.004298597653680304863276350114743173763315285664227397913244996754670045
5.894765542303435338125066567627415607724553081195389491065989728873873e-28
0.004286456002213735123299350892349128343764721936558745109515952582070132
-4.711427670055156008658487284942221036663957709807652496588705398372685e-28
-0.004274394089157496296158188868992689553937239214230730542282222702823647
3.765650572408158453527068022489368874600582421998616015374408682848113e-28
0.004262411094494707145233133239230083581423924798336102401598924758301052
-3.009740096966908944342951533472205523808857082097438241864246790400279e-28
-0.004250506209667735486119420798492190954420616680661841847708080827589445
2.405578015424756984847529036626453791551862633763909134612384274383385e-28
0.004238678637376063724129351335585846736089697186833079199553407316764861
-1.92269927645674723198754209487440702234505383361565136131797451186522e-28
-0.004226927591378455658394296257038478431277484762869663094555711544605402
1.536755350200788372723561430193229086286958642193755260457943098979424e-28
0.004215252296299317475848878184424293689413666765494352210634341478922376
-1.228286131425281331554319058774478117105438341110900099997605693161787e-28
-0.004203651987439148908435483499372463231789695456871398236257013835738634
9.817384392526234006374502474103410655885477300544541442731112177972624e-29
0.004192125910588983479165112550889085999948354122996377957423720261379397
-7.846815948228166193133101455214307608919263452821021056735779382239871e-29
-0.004180673321848719620689953780873890830009290406367067035653889204763497
6.271805026662200467679406083346303768366455606085098146120067182305811e-29
0.004169293487449247217127489516550348327593791033505460018810744626906568
-5.012946087640979312233750789289846091196397481718371592595035337553757e-29
-0.004157985683578276799238603806989551825357766911143225335906181313389271
4.00677459439108390554713412801852480982113440337207566161893277139721e-29
0.004146749196209781217791499592285257060011777795942713482851887891624852
-3.202566608925722545033003374292229001897036654954888469492945698979208e-29
-0.004135583320936962133008186717702481289603801647890047764654397602443783
2.559780955618443118415449476955710290461516607509584349503415051567396e-29
0.004124487362808656092245363198490492206348905397638564842044809865212576
-2.046014932268023460839561576001571891585477058109064978176967998888583e-29
-0.004113460636169097326251522236727030625784217892416026324424131244856485
1.635370455490047687732617727105348162491298372712430871834554838645986e-29
0.004102502464500956679106860998728050321831980772987092059445943485923629
-1.307148232214419444162428259286414475920246901172623606206559505305649e-29
-0.004091612180271578300831150781642239073081025179287702948376791316415804
1.044804096234332968844710855704885693881365592131709396964173380624384e-29
0.00408078912478233787707976435992677318606235150574080205837147960949544
-8.35114873121888748165699848773410761718321150978392157471593690011781e-30
-0.00407003264802104824968965839739619698925138149511105996010675072912955
6.675117056842093700093252436057855710019347729542750438677500198777794e-30
0.004059342108517340297346707506773362606448243081752663241600006248069025
-5.335472187537033304407163118638781792632424014205862377314685403102341e-30
-0.004048716873200948899499775792103654009579637135530071066432400730423425
4.264696526619465870811912900152085504222821264891939915358145145266022e-30
0.004038156317262835700940132638467064176192019754544921785272290399051825
-3.408824898260221015234918612125655904663816693758986937085422828508406e-30
-0.004027659824019082231213889889402126692801973230464452100275445634152622
2.724724106686124198246425771329122113957227540403691019521597749381871e-30
0.004017226784777488714181634259833362226504570905766480316085666665786512
-2.177918611270718068541718410773861058131460313331440796781071302687137e-30
-0.004006856598706815630452930279233039149395842412555898501985815528555795
1.740852681271461752507545641251697726849261615499451178884502618705352e-30
0.003996548672708606770904364164174443902842500026545833217147514543233684
-1.391501405385642404938175345958817484353732389997751722923403975926666e-30
-0.003986302421291534144772469061190301395801447596519086075769353820803569
1.112260523275068152553866110626066657606544645369473525155020252805241e-30
0.003976117266448206682567751413185250807235785346065539615521138798170906
-8.89059106134634287529727446296953249146393834538856165080786659932204e-31
-0.003965992637534386203892559376191365043227671503230772898014571794669724
7.106503504467684171618397106537634576858047369020272354878291412143321e-31
0.003955927971150555604714463201533727013178789328702673470437440872002337
-5.680447300605975510066767301087131820846270382427751471192009404873494e-31
-0.003945922711025785659242583745164729076467480727482411299912031579160547
4.540569296399392148374659870080547752321061837344403976490424453304202e-31
0.003935976307903848229717231719293814307715685253511032971267157449542342
-3.629437193609457821974835609861111135049112652229460240855107968636116e-31
-0.003926088219431525034541657940329062136378871754904812344556987934607406
2.901145158404800255721442186023447468325198297705684345603508247084027e-31
0.003916257910049062442597086094437018364296885995490249105692821640319733
-2.319000388777318797757229566737481154532833199105615514964365068433868e-31
-0.003906484850882724040578954865016849153926947337857198349597180204857049
1.853674025028377025729478226897555397135924533581494501783981884353872e-31
0.003896768519639393962017787638517411805964690231731624159921177898144542
-1.481723197497558443245135853985837515527144398763656153646033958350895e-31
-0.003887108400503185172502383408978392062635096983247011082639605003065777
1.184409715532951231258691790817917433803524052802166798942111206946549e-31
0.003877503984034008076663544769600415100328622981072834131551230827813795
-9.467558555793518947475851995195607380945894505010791628648305319747846e-32
-0.003867954767068055949819852411652929363844414331273091562560990258725007
7.567896582276980916762978682941441223630144978407700521835470314689729e-32
0.003858460252620164801910224147348146542594475995148047684563994421186287
-6.049416967757817094292978151560034539187001069430387137241602691636476e-32
-0.003849019949788006354480475378486948074821283847176739579546472437923115
4.835629149549517806679018654040171362559758215754680268888292673599108e-32
0.003839633373658073854055743041045857015382929607228155357553866753612324
-3.865392339386023826331315774923581843313735424801207295744889451156415e-32
-0.003830300045213421458185352086186790520905260912957460882267231513798715
3.089835062395822337707591447822458327585245155896020933518150078185626e-32
0.003821019491243118914725719871145141924638974398099873343278945482490065
-2.469892925310484578248969214419376076207841567826416453110039586288652e-32
-0.003811791244253384211432035438441017039653612856829305530037007559179288
1.974340533276061256840386827667741729129453514721201694117225738766044e-32
0.003802614842380357802531366838156793155214824436637835750724600887454746
-1.578218379240430232026658772893420727820396073188772651579358434311191e-32
-0.003793489829304482922489187491391575738802997122317586369234424292573327
1.26157543556393986630970485835572187148535905622166450470361586489271e-32
0.003784415754166457375469843689042846499149308901087086907071424876546562
-1.008464087697253227997225056192299951822532822231136731875641095967667e-32
-0.003775392171484723042813186642538407248221955894429541030610832281131114
8.061367665046670378152600028874022564680026436402274917636765425567858e-33
0.003766418641074460180961683536956187747086766128312900925403075682928682
-6.444038001011514484314354130998857845898043532025864380265379504643254e-33
-0.003757494727968054389406260032146230552776320684834082322826635688411234
5.15120130257680998311881122318663875489335358912143459351810631076578e-33
0.003748620002337004913081561831585347838049979759354737106668148526042346
-4.117750320076493280237649369882114758726724553589816375673523492462006e-33
-0.003739794039415243706915015360926456755052468109642187707080499784307212
3.291641653534538074713515465854094079554104049196740581624791671836435e-33
0.003731016419423835432578767407866830225171780416370962451740221610275071
-2.631274365245231365781955159848831119571535316830078258278550070256108e-33
-0.003722286727497029279546876111183773921940799702080964282194952356688177
2.103394621639737538431795533461196887763109258273392402161229862328534e-33
0.003713604553609634204938243033451898647672529626186281117100836727554839
-1.681420802393343104647213135616708263486772680629970846271547085161605e-33
-0.003704969492505689869924376433032408353053060050889662185081969756068568
1.344104699574890636059097365280415467947712726278952069051504363556217e-33
0.003696381143628406215275992245777562975244109860323670225953090051631194
-1.074461362782691745788274249904443317238940165794048757481397173730284e-33
-0.003687839111051345265470418572705931347552726683668819993334508487293353
8.589136809884798444127991298028753331574335589930436986042506388245282e-34
0.00367934300341081938022108333898159146004558831921232930599314241978984
-6.866086102836809211671597694899449040504229054642216143460090748505891e-34
-0.003670892433839480784841593632753369408485132311139770006903674034668997
5.488706040532968176666369262916816662763539213976902765305428343998001e-34
0.003662487019901077807023506126316612180215387297484316169567979374047839
-4.387647140352817757116308133455439404328659131289110044759270052498595e-34
-0.00365412638352635382787578786584421504274076480463086698612028452060911
3.507473555438240703034267402577388029452576495151982975933691336820232e-34
0.003645810150950065519916211795903261513251300539116810537102620380790457
-2.803871462270098769353164970824809700588960816305218956083254367369663e-34
-0.003637537952649097494576213757593757878862199509801702841661851446215717
2.24141757604270066107745781611928673085632860149247890717672987223865e-34
0.003629309423281651017121950139596367749326091846081438958947612260019015
-1.791795401400961119123364246568841253158688190212022103843158209101766e-34
-0.003621124201627484968132055182483378439272500960003133195358910376949436
1.43236937916339451589013441216470636171234541002174561225748905710436e-34
0.003612981930529187738219749782662935560936541014791057420665766592034982
-1.145045116940244049661371117153312586951155247229568355657006077257973e-34
-0.003604882256834459236943058044645940999702665349326632758767632434902543
9.15358301307299651116020118020877153823235425030888690280058648708168e-35
0.003596824831339382678198681314421055273948639016413208455321944947301044
-7.317464073750761928294776929766767290763132062327479034840482291974688e-35
-0.003588809308732666273216926926263700029371462095925355383274469504084983
5.84966528470776470897680646476249573573834250049738303761812346147989e-35
0.003580835347540835418929414195490619793463168539901929924532229355591273
-4.676300080456136901252304953203158751490009391716764032769512667881078e-35
-0.003572902610074356414318981090573974777856984209827773729627697873226643
3.738304385707014111025318332906265338769333299755250180629646230725496e-35
0.003565010762374673170722062878588536527313517838327496743537091358555621
-2.988462944288404859572670163544329218752810037702761308522412682648824e-35
-0.003557159474162138804266838332630267060993827836564643595721367296111687
2.389032245164311082049894679453661178296238239600277021263964269770399e-35
0.003549348418784824410014297582473292720658848440468943216197230325195371
-1.909840347746308949203028977633802094296122776132043254931143698734352e-35
-0.003541577273168187718232720803293344667103763600434700621629025772814386
1.526767925123084703489989453234812630411235188525406136275558127056731e-35
0.003533845717765584723877838872984870686004685876379212600379593286118034
-1.220534041360616914646533501474102878695433007448943769601864793120725e-35
-0.003526153436509607761060804264317397511886423051245527658185359281834078
9.757255246018213496375896526054162202376549342584613219765467280976238e-36
0.003518500116764233865344637513430171599541007238863509168034921079756847
-7.800210642390175377616096205866075836979204511588325783953708712548131e-36
-0.003510885449277767628388919179158616880176670653532814170168664048843453
6.235709657670121217275396362101288146801157582510992464692509667166228e-36
0.003503309128136563102025634849391238270140513908031640814157741802339712
-4.985013348965103599065797065010668447842219700890437088257481368975292e-36
-0.003495770850719509652551579421099315237634925713898781334330883752130513
3.985177278687095821992932752553705509765299004733606197246302702329507e-36
0.003488270317653267001112050913843692758509930979358322740310575049572974
-3.185883132037070909066050748263111767240778270734692391989685085125718e-36
-0.00348080723276823501276657818226250336258256880169101331536704864726896
2.546905935637603316322760123588112167041502099807267342668343616143773e-36
0.003473381303055244115402650567047949570377417651812681108630275742688143
-2.036089366332276148772947444281294467473717310331105035636466138994184e-36
-0.00346599223862295254032327024109465911990270489833342806552415776288156
1.627727220713100489768367446067203302665732977532633708577141368095552e-36
0.003458639752655936879297185557153579923976229478294340317743691424183691
-1.301269565056376497544869228642584525726335793383452451627521654520945e-36
-0.003451323561373462748338806010917837596596297951846165349231274243087395
1.040288431801236246216226690094019729921586064406084079504116858651193e-36
0.003444043383988922636683550198578587185378971645707270887246001932290289
-8.316509956350379627598732230963843775387278123175191047240578166151018e-37
-0.003436798942669928300543036614606910756141425813231828361837227535805734
6.64858607639114132023933819557006268928827640444867523546608015573908e-37
0.003429589962499045335456392298395788037476073333341524956013947567336075
-5.315184157614826108411596990067035798304064621346102226074274349808711e-37
-0.003422416171435157828586521874602609641020396111730634351395379925480762
4.249209745550498961941717667382089268959377315192586009610635580850543e-37
0.003415277300275451253325331738373581382881336501282943885654660268889425
-3.397025827305056457444973620896611626490482783128139233166095452187144e-37
-0.003408173082618002023246093138704860089978589645085983473059266101694901
2.715753522728512109226039091101503535578779538338171201920312730585017e-37
0.003401103254824962370945552403012074237008406268474815170191443592277914
-2.171114224093564196503548182017852250102313935653551980989299085082272e-37
-0.003394067555986329459819172293933009886008838538543130251035599049482766
1.735704572590820965729561953560996926558534682901989684137034458438439e-37
0.003387065727884287873471212866460195093407380370897338063999806895489498
-1.387617447633595853845558555205542353760040187270085578958760391747819e-37
-0.00338009751495811485843367093003268454116723376221865016678377497507517
1.109339561853857073630645072321701694762512144907226322820949948408102e-37
0.003373162664269637921306225618417835342222197392886558476179628869625907
-8.868701776081771648679201041674388798597086967464539893677295408097965e-38
-0.00336626092546923460148065637882265093764710454612736411551993275645153
7.090165907359863976510480489797648384836244025404524344855723954614568e-38
0.003359392050762364455420765842817425937745489002912041291478125611667679
-5.668309245355070393276728152226428698898312323499730347880197195857446e-38
-0.003352555794876623498171532441918935113965464730293293049321871464933287
4.53159889348821779168377655679525370769081969991400949081956200760189e-38
0.003345751915029311552503870190735837378518722799927476396013688090641934
-3.6228484882251432269826976459746820240034689166875241954402668762868e-38
-0.003338980170895503155994903140338830550856352112211111552285360042027674
2.896340790503444283216764611007882444822197093075939746820699691771828e-38
0.003332240324576612871525194443787889714536424385236878141768659933437656
-2.315527402065901154901193631856118820770231128033251905865693822054342e-38
-0.003325532140569446037267356873567574371384672035066004294515255303333666
1.851189848405904553185860256705663763207721543315901373666904990679685e-38
0.003318855385735726178364808030106610511569508029427330980149825601968238
-1.47996948931066342425063874508370197698484558465599751682320195165123e-38
-0.003312209829272090484271569109461694949895573080434852131232994802711103
1.183192279691302758510457008229643384446998321295648782209795746644134e-38
0.003305595242680544933257053310761226949630133319243726295901145519165834
-9.459292418151871228019613776953811160596976430554399295471550177567076e-39
-0.003299011399739370818983628021592298702583517631505957945085812520335189
7.56245372079713045999708037891722966572702354724451769407000256753435e-39
0.0032924580764744746034461107451690832407140744831633222298223777957664
-6.045991881377781894611352547909039560464716497979715149942364185116902e-39
-0.00328593505113117318602498426704156268284665485492007628812369755264803
4.833627027836420588261268209666821680081202553180572270661679864845132e-39
0.003279442104146406840049762839138879728349380572862887187994026620589088
-3.864376710721916783337875637277773022727795095744041649611226282023995e-39
-0.003272979018121372226193529244345065990198654840459675852183210037619272
3.089488016772593649199638891449237389051536543645481388581091117767183e-39
0.003266545577794568046319351457240313727462995682326170559775962702607492
-2.469984963158761836184205589325011974033569108647004818600585459301207e-39
-0.003260141570015246052166559047977134910284932961250851487437643326509885
1.974707770865235846885957676829128409995754035678458469271984528157139e-39
0.003253766783717260270589600268475925943680510959178042297695395052251801
-1.578745366041678281057747788022222491475482991443003821060830641737486e-39
-0.003247421009893307451031782058593569787207571456120936813698228167392857
1.262182244219712675846757642648510707265359884412341425087643045879447e-39
0.003241104041569551881615549287475841495304370697214938664691057363875907
-1.009096649827881990934047428064753372010426698943640907247266146832868e-39
-0.003234815673780627857742654030749922991014918179413434442257900462211187
8.067596684337243260027416523458326173546905742902242247874614511104093e-40
0.00322855570354501322150187534536439698616300513828687663778366579077146
-6.449949379444381456829113425233559266907665457320025214573843302299572e-40
-0.003222323929840767521556926171840722890781029668083266617700126663940538
5.156667663026804993736763744909507627495717840419079526934161006477341e-40
0.003216120153581628471608721711712540359789517536306854871925908609409059
-4.122709036849592936214700337922351107027514584326866224446167193798596e-40
-0.003209944177593460511068086605096342144272328436205243168652979881513274
3.29607381941190727808555061855531620655033319046915141204361858167118e-40
0.003203795806591049394309021680341301764950664695376497364789748973382024
-2.635189628926267436519635913400759318181906282107085875989837237838325e-40
-0.003197674847155236854868642468879513907593602398094891986841057033952445
2.106820378914051911162988072947152084139973475774905474751455110710371e-40
0.003191581107710389508285739691631163395216807063143038810482606179976328
-1.684394598268009055452888402055457501064613700044576018981580010259585e-40
-0.003185514398502196271991643176641895554653768157182690216756202857453695
1.346668983162532308593062432067406061701730975038004700756290998704571e-40
0.003179474531575788692848944918724060988419448153746013926241220660766542
-1.076659952877649769207539393104416561596903705406809596682246651642356e-40
-0.003173461320754178682638160414311455194480993837695032217846766058499642
8.607894639923385652476233178259194544602514480549356085919296908023277e-41
0.003167474581617008269080394182362699298073359699371540358366915746903655
-6.882021158535710749848629077350718767285216285660489317952522212159731e-41
-0.00316151413147960607491469765074932638499690493930094752872577677223376
5.502191970399550259672194555462313655150899498994598570970176275909503e-41
0.003155579789372345340179643780790907055718378154349813602769065430478289
-4.39902211246596552371449479389373314182872043826063158283437851338248e-41
-0.003149671376020298403235724456985058365199348734582676660246725435799776
3.517039282032699589416847890529094153217780610106628810829741034048534e-41
0.003143788713823182654263033740906525967382051796321672129677706975463808
-2.811894079720694575606404467865474247671966847282575415107536374951465e-41
-0.003137931626835593071030404833751251993176535952882344577170091892751141
2.248129667547908964335931396760038524009512845442544598684055208657571e-41
0.003132099940747516540709378058448878716862430949759928046480725845772802
-1.797398662515230176283423615245022836240714023677328601043205328644492e-41
-0.003126293482865123263449374349173102416756094145912944875617803589646279
1.437037582132867332753411761118939074201161745416146110475282533783322e-41
0.003120512082091830623388182410552761816059891678758536574418448370275034
-1.148927142946778826040002540069861191576676232649852809202589786319868e-41
-0.00311475556890963500079199106960589152444476320735086953099522347851362
9.185810911187097746757703439680659114338781701373563691425782770550216e-42
0.003109023775360707085148106375403595850757682555337372788594879291329256
-7.344177387660166740246363751419880718568978258528108124850881102477472e-42
-0.003103316535029246333316358712403244380983327957668285553627027711054302
5.871775693162155664960835244972253095249526568144356197302718306070043e-42
0.003097633683023590299326014710771913792189156196886839730189351203201674
-4.694576218480539704961231033872485119774882813282562822873110585891086e-42
-0.003091975055958574643126595314025444201784351417167885392311991035159873
3.753392378398160100475094342892858284156352677074360317529069440180169e-42
0.00308634049193813970460507833084918536320687851957169631865205068695042
-3.000904493754753353532791508304294751566271406789052606184140868289966e-42
-0.003080729830538179606509156492173283766471634092370037435886750510529765
2.399280418681615986784559374360218474260473640254049315884016021624825e-42
0.003075142912789629925606098748628851290164896938832113742897305065236538
-1.918273255780331675428252361088548502898579415049015560548774341588357e-42
-0.003069579581161790045497864516569179354998502145216308247950254327402235
1.533700495894391901357840426002930554120700352710496471896673852878958e-42
0.003064039679545876377042991070626456858550379205655621027116350083988368
-1.226228101576144195359220710677459034261214406377912815260678184779769e-42
-0.003058523053238802703340986744284835468100539197917420294413060626070655
9.803983892286253007671413547884176981432607452263568290516781011136638e-43
0.003053029548927183975751148012647427785384668671027686152645009598960534
-7.83852825561345400197594545105411331907834941963655300484124148047109e-43
-0.003047559014671559955479591873410329059145296016717693308572016699616017
6.267106561139546064191845491490404789931783769973632184830738858547227e-43
0.003042111299890835161909680877665864246551033324937827838991304383464959
-5.010721201801308215694812151518328987199127481212807019839218172960808e-43
-0.003036686255346931654104875941598575363955009767714761304985308711352769
4.006212716492565433433381089616166995843499743589609079472884427629237e-43
0.003031283733129651235811499675639574244637798960027659161011175250687356
-3.20308434180206326026159448540313998608570401897084220407778386567218e-43
-0.003025903586641743736863230530923656670829318588712172194952193478506409
2.560963236462335489399747184692977725158183182132363950431195341826087e-43
0.003020545670584178085169880576749853079618008287473113899532646725475621
-2.047570723421758789216303348618173638186605990928346057229389965091509e-43
-0.003015209840941612943489869069828447918245481283140550063089024474290616
1.637099490382992285705139576407165250661205084954177453911119338473005e-43
0.003009895954968063743967770296920288262575185766074534708601132311172992
-1.30891615324862938923247757427334342107784012696533172462974742107041e-43
-0.003004603871172763010993636594016352212145839917828233888168565903834021
1.046523947308898130302192303915617989812484784171304434623988082682998e-43
0.002999333449306210919337014190678801358980217133325292686637915402860972
-8.367333909609393098530485687192442447707171996260232242191950732139418e-44
-0.00299408455034641308975252742783048664900614446170526880431012923823466
6.689992240458214872410032348733561619625924658163163438336076287393958e-44
0.002988857036485302678371780319510205732263611332741955144785832147618432
-5.348902834099878951264925615590000479659400878152751988455056402339214e-44
-0.002983650771115343869213633650231166542847843123406694302933994793631875
4.276656624743135752714358768422097765144932259215060380345364474253266e-44
0.002978465618816313931086544830395072792188129877159967017805090109698634
-3.419358455538946888837610088609812034491008761225532143087573611423374e-44
-0.002973301445342261051046871618510907444130162563128302581339392377037559
2.733917801431748908682725016262710331211243495914351134154661799491522e-44
0.00296815811760863520643950243269488821572232671816742247583844131103408
-2.185882662078017462322525145967904108483999923218230105073369003479142e-44
-0.002963035503679589386404962311190420324320694556816072766354935409354115
1.747707724711109231946417229273657852540530162522759349209252393748064e-44
0.002957933472755448521612761583097081882180098291736308871792810392512018
-1.397369730726891842360904929407563658419088514862282606644418989015904e-44
-0.002952851895160343527896156219191663342151686870050129275578353117573619
1.117260435974022022250686059202100336753577689733443832955705512883559e-44
0.002947790642330007915440087103988100614733057225047211829181156797140876
-8.933015110017009080426956404015939502393319445125880653683074492585621e-45
-0.002942749586799734460232747247554874650579691235447821152344984689273401
7.142368855956995553293300576502773965717141049079647099558719341520536e-45
0.002937728602192489478652367126444337185502136949796488410823991216583195
-5.71066962863233011893823664156058715670267440457613110148150967709582e-45
-0.002932727563207182289344287186967163088024262074541058595791466268973856
4.565962604586903742128857980816618589350054901883252237423333850871683e-45
0.002927746345607087488968596986665018796731697024605569502792716652955564
-3.650717388883273242340699214450605278679534390161845308363048624089367e-45
-0.002922784826208417709984484934674449178121392423156708621615636256975051
2.918936359023235958666980503570435936161271986140735585602855660194486e-45
0.002917842882869044569402424581281681004907007928834481290521156588381981
-2.333842710004614039687981351710779057181245757703843850835887960847622e-45
-0.002912920394477365557397439525338174820373776218527666643324712069079616
1.86603198306733678753155099295723714325578337916445507230218336680786e-45
0.00290801724094131465385352083535187108321523900970365074774802473838553
-1.491994160276063027232034782510267156802210241092850602923568869047688e-45
-0.00290313330317751449931797640948515175521832569089942786220101684680197
1.192932035405959580962932083274215761791369508542139117200867449024407e-45
0.002898268463100567984501816469099900234952333248712863864550688591448181
-9.538164651965739500095473951121600800343766517379749388727611708360393e-46
-0.002893422603612487159384567285882089502983281995249547022351910889665283
7.626310126936003010604861468897378770368362878317703167441962751023952e-46
0.002888595608592257399185109045246184458825967484924228517167412744073782
-6.097680147606501012418675990355289208453255601977911656404547661044557e-46
-0.002883787362885534799959825284672000973911410647289599857327978024687381
4.875457175376201894808448342503411802882842852509557742871377039315124e-46
0.002878997752294474811400731446447345543508713046686491690153314239280481
-3.898222093125957453285175723232400158558448891272810723047715206325746e-46
-0.002874226663567690148544158218221500279837929286037152716219522911915403
3.116867459031046248924250788507098478754397560660755331753322379867726e-46
0.002869473984390336057579488976517787861110648753919569797523389897885904
-2.492129538139240097175777137119390077099767398499742812375787415623856e-46
-0.002864739603374321043781534385794623717466267747475384069677269637592515
1.992615067159417725995071122812108847244798115431234381787955106746086e-46
0.00286002341004864120179318159146343847080911066473186846664855520059182
-1.593223575290024588871359225295801876901558217089804970627198427342618e-46
-0.002855325294849836320070465601118650209788162870378458058241289252335792
1.273885965992048777709418474787546568822326963058444247575836837561975e-46
0.002850645149112565962283344428919963286512252950656531782373598770455129
-1.018555960833898473200264351391808143161695911090742817363396578233597e-46
-0.00284598286506030375885507650296869762888219095682341270430042589052806
8.144037159860007026564148298878578150649194526317219308025192108655591e-47
0.002841338335796148171633756794179241538244084773326889243175339529414524
-6.511710834988649852669460686739871683522144848922475074075755717853416e-47
-0.002836711455293748023933531863802896696526328841856082586263000235684305
5.206561139536937637792972257194263201198655700361717117363345189545638e-47
0.002832102118388341116872262422354166565455848761374756907560015794756771
-4.163008928186224178715490907797898651685988423063608099135624664694295e-47
-0.002827510220767904281078635320657876898062434004966598302457901104366696
3.32861996391609801034621137592087459301096867420261475893498450938921e-47
0.002822935658964413240456373895732623750024061080079866960822395265553281
-2.661470056186656428090969675245714100725431184360441893068816211609997e-47
-0.002818378330345210691787420351679597946997249205143905764489062901212713
2.128038360633554435593654999395397808852568757693385879601704963698112e-47
0.002813838133104481030540672475003270881716301092624182236909998355766963
-1.701522967467368035766267782329772049027336790283647146092661082384992e-47
-0.002809314966254830179338704098407695520969742529728059731593509021866219
1.360494128977706968211378941367070582769013495044595519308190665735742e-47
0.002804808729618969001132293822668793166979968800136739199850141103690548
-1.087817445268758326107598232125360536055351346752788961310338363663596e-47
-0.002800319323821498804251700072836573021312311253942232903933053462840589
8.697928944839873384627616312331211831942138338898959761058271648871222e-48
0.002795846650280797471154390082850754688167392498884527908024417153247626
-6.954664412206965633372824488231296348665561379109163722831744173273517e-48
-0.002791390611201004766881066164681929910929977383750961321195916975815036
5.560796297944417482188689131097848599590836795584054095973636579637691e-48
0.002786951109564105406974823395745678977900420663732344781055033717851492
-4.446295033961390104544775010651697159612381076428251582221472606812933e-48
-0.002782528049122108487921391413817620598847931063776651188615218064308843
3.555167345124110388250672304840619237434063052678413461442270540524609e-48
0.002778121334389321906040721458973416448806226685027211279944872621395187
-2.842642849063080223684675888237437988756930136170457214053693105109746e-48
-0.002773730870634720413210534838552887573229553861010037757671649237058308
2.272924577741236304774106401511564958112331420842686549877003637684728e-48
0.002769356563874405979839506959156550240215018516122286515285336184336257
-1.817390385353459167625890469607783411491623162414442252937443346623049e-48
-0.002764998320864159157139982912151226119326153989187937747200376955469068
1.453154864986617504771178715858329213548534468128806007262736602856135e-48
0.002760656049092080151985776668064406360749350052396304577281463539929235
-1.161919512488092143993129032027231200687154208817736339585299651116718e-48
-0.002756329656771318348487780674790712163858552718642458765638807067484852
9.290533606143101537606810017318463749129900027994337014536460165720528e-49
0.002752019052832889030886709159716961401443535711137195394715236742400707
-7.428578876950151427662529293165430281003284895644894884558593830573239e-49
-0.002747724146918576082456042890000422220173993765310834446496331865947673
5.939792647673136065285653226881909381632795331663850136671234485870913e-49
0.002743444849373919454836689139844117574693567541357435496115871568236646
-4.749384087494514545759718865725235633371751392268105716649773961054836e-49
-0.002739181071241286221595403354159551948329628847395729681318972292200962
3.797552287993277025490997654587310041521528122328756339008059618655946e-49
0.002734932724253024048818859398571189159484696110142379170514889435789239
-3.03648186016062984673160727970829209325124719917792579141851350727132e-49
-0.002730699720824695934231463955875290898654347363859094801434409140893307
2.427940709421030789716661903557318071746493229263539352258398232610752e-49
0.00272648197404839508466449175598857036597769077149830177107089367659483
-1.941359290781746993930515150793345516104669431162432392984050838387414e-49
-0.002722279397686138819713623455157760814876220307657080378379852128961802
1.552294838834240076893878115226524948246395300379420499038669673328391e-49
0.002718091906163340407108099695022283171529437869715403329476102653813841
-1.241203410689691487760812057050149537596378993751079700721367927771894e-49
-0.002713919414562357752683920381720965153358349676319171516361670339197118
9.924580460649956608944055714765707150282899968480554935837603514304812e-50
0.002709761838616117884912132854469041893298841753638328972281508784868897
-7.935637148190607298909729264725151900194839526686484872390807158343309e-50
-0.002705619094701816190687443203849220617081882263970027786257401570035239
6.345296096621157011916831452802291580302434172237930297085490303702694e-50
0.00270149109983468937553819322412974634265666035125466423138100726796728
-5.07367247355797693094372738367235924257303070907721907674605379515952e-50
-0.002697377771661861137582081069455586496255484445684314475780439617392253
4.056891627327937770724878746244074871942465853989078548690132675516496e-50
0.002693279028456259560428647558906900948941591209663576751419723648634309
-3.243880339091372519796148748904051810520394218004695495556516600068843e-50
-0.002689194789110605245825157430563672099542833284504409568553771387353484
2.593801180921656537581661713623049104934610275084246180225352723227889e-50
0.002685124973131469222162608115911500116149770154429010837301307170119995
-2.074001084514300608647214183671269869232611975234374257593481284315702e-50
-0.00268106950063339968000861038167566712979800562961919074185392167421737
1.658371059673761403081818433261936309956165898522801093687980402114665e-50