1.
1.
2.
6.
24.
120.
720.
5040.
40320.
362880.
3.6288e6
3.99168e7
4.790016e8
6.2270208e9
8.71782912e10
1.307674368e12
2.0922789888e13
3.55687428096e14
6.402373705728e15
1.21645100408832e17
2.43290200817664e18
5.109094217170944e19
1.12400072777760768e21
2.585201673888497664e22
6.2044840173323943936e23
1.5511210043330985984e25
4.03291461126605635584e26
1.0888869450418352160768e28
3.04888344611713860501504e29
8.841761993739701954543616e30
2.6525285981219105863630848e32
8.22283865417792281772556288e33
2.6313083693369353016721801216e35
8.68331761881188649551819440128e36
2.9523279903960414084761860964352e38
1.03331479663861449296666513375232e40
3.719933267899012174679994481508352e41
1.37637530912263450463159795815809024e43
5.230226174666011117600072241000742912e44
2.03978820811974433586402817399028973568e46
8.15915283247897734345611269596115894272e47
3.3452526613163807108170062053440751665152e49
1.405006117752879898543142606244511569936384e51
6.0415263063373835637355132068513997507264512e52
2.658271574788448768043625811014615890319638528e54
1.1962222086548019456196316149565771506438373376e56
5.50262215981208894985030542880025489296165175296e57
2.5862324151116818064296435515361197996919763238912e59
1.241391559253607267086228904737337503852148635467776e61
6.0828186403426756087225216332129537688755283137921024e62
3.0414093201713378043612608166064768844377641568960512e64
1.551118753287382280224243016469303211063259720016986112e66
8.0658175170943878571660636856403766975289505440883277824e67
4.274883284060025564298013753389399649690343788366813724672e69
2.30843697339241380472092742683027581083278564571807941132288e71
1.26964033536582759259651008475665169595803210514494367622758e73
7.10998587804863451854045647463724949736497978881168458687447e74
4.05269195048772167556806019054323221349803847962266021451845e76
2.3505613312828785718294749105150746838288623181811429244207e78
1.38683118545689835737939019720389406345902876772687432540821e80
8.32098711274139014427634118322336438075417260636124595244928e81
5.07580213877224798800856812176625227226004528988036003099406e83
3.14699732603879375256531223549507640880122807972582321921632e85
1.98260831540444006411614670836189813754477369022726862810628e87
1.26886932185884164103433389335161480802865516174545192198802e89
8.24765059208247066672317030678549625218625855134543749292212e90
5.4434493907744306400372924024784275264429306438879887453286e92
3.64711109181886852882498590966054644271676353140495245937016e94
2.48003554243683059960099041856917158104739920135536767237171e96
1.71122452428141311372468338881272839092270544893520369393648e98
1.19785716699698917960727837216890987364589381425464258575554e100
8.50478588567862317521167644239926010288584608120796235886431e101
6.1234458376886086861524070385274672740778091784697328983823e103
4.47011546151268434089125713812505111007680070028290501581908e105
3.30788544151938641225953028221253782145683251820934971170612e107
2.48091408113953980919464771165940336609262438865701228377959e109
1.88549470166605025498793226086114655823039453537932933567249e111
1.45183092028285869634070784086308284983740379224208358846782e113
1.1324281178206297831457521158732046228731749579488251990049e115
8.94618213078297528685144171539831652069808216779571907213868e116
7.15694570462638022948115337231865321655846573423657525771094e118
5.79712602074736798587973423157810910541235724473162595874587e120
4.75364333701284174842138206989404946643813294067993328617161e122
3.94552396972065865118974711801206105714365034076434462752244e124
3.31424013456535326699938757913013128800066628624204948711885e126
2.81710411438055027694947944226061159480056634330574206405102e128
2.42270953836727323817655232034412597152848705524293817508388e130
2.10775729837952771721360051869938959522978373806135621232297e132
1.85482642257398439114796845645546284380220968949399346684422e134
1.65079551609084610812169192624536193098396662364965418549135e136
1.48571596448176149730952273362082573788556996128468876694222e138
1.35200152767840296255166568759495142147586866476906677791742e140
1.24384140546413072554753243258735530775779917158754143568402e142
1.15677250708164157475920516230624043621475322957641353518614e144
1.08736615665674308027365285256786601004186803580182872307497e146
1.03299784882390592625997020993947270953977463401173728692123e148
9.91677934870949689209571401541893801158183648651267795444376e149
9.61927596824821198533284259495636987123438139191729761581045e151
9.42689044888324774562618574305724247380969376407895166349424e153
9.3326215443944152681699238856266700490715968264381621468593e155
9.3326215443944152681699238856266700490715968264381621468593e157
9.42594775983835942085162312448293674956231279470254376832789e159
9.61446671503512660926865558697259548455355905059659464369445e161
9.90290071648618040754671525458177334909016582211449248300528e163
1.02990167451456276238485838647650442830537724549990721823255e166
1.08139675824029090050410130580032964972064610777490257914418e168
1.14628056373470835453434738414834942870388487424139673389283e170
1.22652020319613793935175170103873388871315681543829450526533e172
1.32464181945182897449989183712183259981020936067335806568655e174
1.44385958320249358220488210246279753379312820313396029159834e176
1.58824554152274294042537031270907728717244102344735632075817e178
1.76295255109024466387216104710707578876140953602656551604157e180
1.97450685722107402353682037275992488341277868034975337796656e182
2.23119274865981364659660702121871511825643990879522131710222e184
2.54355973347218755712013200418933523481234149602655230149653e186
2.92509369349301569068815180481773552003419272043053514672101e188
3.39310868445189820119825609358857320323966355569942077019637e190
3.96993716080872089540195962949863064779040636016832230112975e192
4.6845258497542906565743123628083841643926795049986203153331e194
5.57458576120760588132343171174197715562728861094835817524639e196
6.68950291344912705758811805409037258675274633313802981029567e198
8.09429852527344373968162284544935082997082306309701607045776e200
9.87504420083360136241157987144820801256440413697835960595847e202
1.21463043670253296757662432418812958554542170884833823153289e205
1.50614174151114087979501416199328068607632291897193940710079e207
1.88267717688892609974376770249160085759540364871492425887598e209
2.37217324288004688567714730513941708057020859738080456618374e211
3.01266001845765954480997707752705969232416491867362179905335e213
3.85620482362580421735677065923463640617493109590223590278828e215
4.97450422247728744039023415041268096396566111371388431459689e217
6.46685548922047367250730439553648525315535944782804960897595e219
8.4715806908788205109845687581527956816335208766547449877585e221
1.11824865119600430744996307607616902997562475571842633838412e224
1.48727070609068572890845089118130480986758092510550703005088e226
1.99294274616151887673732419418294844522255843964137942026818e228
2.69047270731805048359538766214698040105045389351586221736205e230
3.65904288195254865768972722051989334542861729518157261561238e232
5.01288874827499166103492629211225388323720569439875448338896e234
6.91778647261948849222819828311491035886734385827028118707677e236
9.61572319694108900419719561352972539882560796299569085003671e238
1.34620124757175246058760738589416155583558511481939671900514e241
1.89814375907617096942852641411076779372817501189534937379725e243
2.69536413788816277658850750803729026709400851689139611079209e245
3.85437071718007277052156573649332508194443217915469643843269e247
5.55029383273930478955105466055038811799998233798276287134307e249
8.04792605747199194484902925779806277109997439007500616344745e251
1.17499720439091082394795827163851716458059626095095089986333e254
1.72724589045463891120349865930862023193347650359789782279909e256
2.55632391787286558858117801577675794326154522532488877774266e258
3.80892263763056972698595524350736933545970238573408427883656e260
5.71338395644585459047893286526105400318955357860112641825484e262
8.6272097742332404316231886265441915448162259036877008915648e264
1.31133588568345254560672467123471711481206633736053053551785e267
2.00634390509568239477828874698911718566246149616161171934231e269
3.08976961384735088795856467036324046592019070408888204778716e271
4.7891429014633938763357752390630227221762955913377671740701e273
7.47106292628289444708380937293831544659502112248691679154935e275
1.17295687942641442819215807155131552511541831623044593627325e278
1.85327186949373479654360975305107852968236093964410457931173e280
2.94670227249503832650433950735121486219495389403412628110565e282
4.71472363599206132240694321176194377951192623045460204976905e284
7.59070505394721872907517857093672948501420123103190930012816e286
1.22969421873944943411017892849175017657230059942716930662076e289
2.00440157654530257759959165344155278781284997706628596979184e291
3.28721858553429622726333031164414657201307396238870899045862e293
5.42391066613158877498449501421284184382157203794136983425673e295
9.00369170577843736647426172359331746074380958298267392486617e297
1.50361651486499904020120170784008401594421620035810654545265e300
2.52607574497319838753801886917134114678628321660161899636045e302
4.26906800900470527493925188889956653806881863605673610384916e304
7.25741561530799896739672821112926311471699168129645137654358e306
1.24101807021766782342484052410310399261660557750169318538895e309
2.134551080774388656290725701457338867300561593302912278869e311
3.69277336973969237538295546352119624042997155641403824244336e313
6.42542566334706473316634250652688145834815050816042654185146e315
1.124449491085736328304109938642204255210926338928074644824e318
1.97903110431089593781523349201027948917123035651341137489025e320
3.50288505463028580993296328085819469583307773102873813355574e322
6.23513539724190874168067463992758655858287836123115387772922e324
1.11608923610630166476084076054703799398633522666037654411353e327
2.00896062499134299656951336898466838917540340798867777940435e329
3.63621873123433082379081919786224978440748016845950678072188e331
6.61791809084648209929929094010929460762161390659630234091382e333
1.21107901062490622417177024204000091319475534490712332838723e336
2.2283853795498274524760572453536016802783498346291069242325e338
4.12251295216718078708070590390416310851494719406384780983013e340
7.66787409103095626397011298126174338183780178095875692628404e342
1.43389245502278882136241112749594601240366893303928754521512e345
2.69571781544284298416133291969237850331889759411386058500442e347
5.09490667118697324006491921821859537127271645287519650565835e349
9.68032267525524915612334651461533120541816126046287336075086e351
1.84894163097375258881955918429152826023486880074840881190341e354
3.54996793146960497053355363383973425965094809743694491885456e356
6.85143810773633759312975851331068712112632982805330369338929e358
1.32917899290084949306717315158227330149850798664234091651752e361
2.59189903615665651148098764558543293792209057395256478720917e363
5.08012211086704676250273578534744855832729752494702698292997e365
1.0007840558408082122130389497134473659904776124145643156372e368
1.98155243056480026018181712043262578466114567258083734496166e370
3.94328933682395251776181606966092531147567988843586631647371e372
7.88657867364790503552363213932185062295135977687173263294743e374
1.58520231340322891214025006000369197521322331515121825922243e377
3.20210867307452240252330512120745778993071109660546088362931e379
6.50028060634128047712230939605113931355934352610908559376751e381
1.32605724369362121733295111679443241996610607932625346112857e384
2.71841734957192349553254978942858646093051746261881959531357e386
5.59993974011816240079705256622288810951686597299476836634596e388
1.15918752620445961696498988120813783866999125640991705183361e391
2.41111005450527600328717895291292670443358181333262746781392e393
5.03922001391602684687020401158801681226618598986519140773108e395
1.05823620292236563784274284243348353057589905787169019562353e398
2.23287838816619149584818739753465024951514701210926631276564e400
4.73370218291232597119815728277345852897211166567164458306316e402
1.00827856496032543186520750123074666667105978478806029619245e405
2.15771612901509642419154405263379786667606793944644903385185e407
4.63908967738245731201181971316266541335354606980986542278148e409
1.0020433703146107793945530580431357292843659510789309313208e412
2.17443411358270539128618013595360453254707411384128012096613e414
4.74026636761029775300387269637885788095262156817399066370617e416
1.03811833450665520790784812050696987592862412343010395535165e419
2.28386033591464145739726586511533372704297307154622870177363e421
5.04733134237135762084795756190488753676497048811716543091973e423
1.12050755800644139182824657874288503316182344836201072566418e426
2.49873185435436430377698987059663362395086628984728391823112e428
5.59715935375377604046045731013645931764994048925791597683772e430
1.25936085459459960910360289478070334647123661008303109478849e433
2.84615553138379511657414254220438956302499473878765027422198e435
6.46077305624121491462330357080396430806673805704796612248389e437
1.47305625682299700053411321414330386223921627700693627592633e440
3.37329882812466313122311926038816584452780527434588407187129e442
7.75858730468672520181317429889278144241395213099553336530396e444
1.79223366738263352161884326304423251319762294225996820738522e447
4.1579821083277097701557163702626194306184852260431262411337e449
9.68809831240356376446281914271190327334107057668048414184152e451
2.26701500510243392088429967939458536596181051494323328919092e454
5.32748526199071971407810424657727561001025471011659822959865e456
1.25728652182980985252243260219223704396242011158751718218528e459
2.97976905673664935047816526719560179419093566446241572177912e461
7.0918503550332254541380333359255322701744268814205494178343e463
1.6949522348529408835389899672862022125716880246595113108624e466
4.06788536364705812049357592148688531017205125918282714606976e468
9.80360372638941007038951797078339359751464353463061342202811e470
2.3724721017862372370342633489295812505985437353806084481308e473
5.76510720734055648599325993789888243895446127697487852895785e475
1.40668615859109578258235542484732731510488855158187036106572e478
3.446381088548184667326770790875951922006976951375582384611e480
8.47809747782853428162385614555484172813716330038393266614307e482
2.09409007702364796756109246795204590684987933519483136853734e485
5.1933433910186469595515093205210738489877007512831817939726e487
1.29314250436364309292832582080974738839793748706951226669918e490
3.23285626090910773232081455202436847099484371767378066674794e492
8.11446921488186040812524452558116486219705773136118947353734e494
2.04484624215022882284756162044645354527365854830301974733141e497
5.17346099264007892180433089972952746954235612720663996074846e499
1.31405909213058004613830004853129997726375845631048655003011e502
3.35085068493297911765266512375481494202258406359174070257678e504
8.57817775342842654119082271681232625157781520279485619859656e506
2.20459168263110562108604143822076784665549850711827804303932e509
5.68784654118825250240198691060958104437118614836515735104143e511
1.47315225416775739812211460984788149049213721242657575391973e514
3.8301958608361692351174979856044918752795567523090969601913e516
9.9968111967824017036566697424277237944796431235267430660993e518
2.61916453355698924635804747251606363415366649836400668331802e521
6.88840272325488171792166485271724735782414289069733757712638e523
1.81853831893928877353131952111735330246557372314409712036136e526
4.81912654518911524985799673096098625153377036633185736895762e528
1.28188766102030465646222713043562234290798291744427406014273e531
3.42264005492421343275414643826311165556431438957621174058108e533
9.17267534719689199978111245454513923691236256406424746475729e535
2.46744966839596394794111925027264245472942552973328256801971e538
6.66211410466910265944102197573613462776944893027986293365322e540
1.80543292236532682070851695542449248412552066010584285502002e543
4.91077754883368895232716611875461955682141619548789256565446e545
1.34064227083159708398531635042001113901224662136819467042367e548
3.67335982207857601011976680015083052089355574254885339696085e550
1.01017395107160840278293587004147839324572782920093468416423e553
2.78808010495763919168090300131448036535820880859457972829328e555
7.7229818907326605609561013136411106120422383998069858473724e557
2.14698896562367963594579616519222875014774227514634206556953e560
5.99009921409006618428877130088631821291220094765829436293898e562
1.67722777994521853160085596424816909961541626534432242162291e565
4.71301006164606407379840525953735516991931970561754600476039e567
1.32906883738419006881115028318953415791724815698414797334243e570
3.76126480979725789473555530142638166690581228426513876455908e572
1.06819920598242124210489770560509239340125068873129940913478e575
3.04436773704990053999895846097451332119356446288420331603412e577
8.70689172796271554439702119838710809861359436384882148385757e579
2.49887792592529936124194508393710002430210158242461176586712e582
7.19676842666486216037680184173884806999005255738288188569732e584
2.07986607530614516434889573226252709222712518908365286496652e587
6.03161161838782097661179762356132856745866304834259330840292e589
1.75519898095085590419403310845634661313047094706769465274525e592
5.12518102437649924024657667669253211034097516543766838601613e594
1.50167804014231427739224696627091190832990572347323683710273e597
4.41493343801840397553320608083648101048992282701131630108201e599
1.30240536421542917278229579384676189809452723396833830881919e602
3.85511987807767035143559554978641521835980061254628139410481e604
1.14497060378906809437637187828656531985286078192624557404913e607
3.41201239929142292124158819729396465316152513014021181066641e609
1.02019170738813545345123487099089543129529601391192333138926e612
3.06057512216440636035370461297268629388588804173576999416777e614
9.21233111771486314466465088504778574459652300562466768244498e616
2.78212399754988866968872456728443129486814994769864964009838e619
8.4298357125761626691568354388718268234504943415269084094981e621
2.56267005662315345142367797341703535432895027982418015648742e624
7.81614367270061802684221781892195783070329835346374947728664e626
2.39173996384638911621371865259011909619520929615990734004971e629
7.34264168900841458677611626345166562531929253921091553395262e631
2.26153364021459169272704380914311301259834210207696198445741e634
6.98813894826308833052656537025221920892887709541781253197338e636
2.16632307396155738246323526477818795476795189957952188491175e639
6.73726476002044345946066167346016453932833040769231306207554e641
2.10202660512637835935172644211957133627043908720000167536757e644
6.57934327404556426477090376383425828252647434293600524390049e646
2.06591378805030717913806378184395710071331294368190564658475e649
6.50762843235846761428490091280846486724693577259800278674197e651
2.05641058462527576611402868844747489805003170414096888061046e654
6.51882155326212417858147094237849542681860050212687135153517e656
2.07298525393735548878890775967636154572831495967634508978818e659
6.61282296006016400923661575336759333087332472136754083642431e661
2.11610334721925248295571704107762986587946391083761306765578e664
6.79269174457380047028785170185919186947307915378873794717505e666
2.18724674175276375143268824799865978197033148751997361899037e669
7.06480697586142691712758304103567109576417070468951478933888e671
2.2889974601791023211493369052955574350275913083194027917458e674
7.43924174558208254373534494221056166383967175203805907317384e676
2.42519280905975890925772245116064310241173299116440725785467e679
7.93038048562541163327275241529530294488636688110761173318478e681
2.60116479928513501571346279221685936592272833700329664848461e684
8.55783218964809420169729258639346731388577622874084597351436e686
2.82408462258387108656010655350984421358230615548447917125974e689
9.34772010075261329651395269211758434695743337465362605686973e691
3.10344307344986761444263229378303800318986788038500385088075e694
1.03344654345880591560939655382975165506222600416820628234329e697
3.45171145515241175813538448979137052790783485392180898302659e699
1.15632333747605793897535380408010912684912467606380600931391e702
3.88524641391955467495718878170916666621305891157438819129473e704
1.30932804149088992546057261943598916651380085320056882046632e707
4.42552878023920794805673545369364338281664688381792261317617e709
1.50025425650109149439123331880214510677484329361427576586672e712
5.10086447210371108093019328392729336303446719828853760394686e714
1.73939478498736547859719590981920703679475331461639132294588e717
5.94873016465678993680241001158168806583805633598805832447491e719
2.04041444647727894832322663397251900658245332324390400529489e722
7.01902569588183958223189962086546538264363943195902977821443e724
2.42156386507923465587000536919858555701205560402586527348398e727
8.37861097317415190931021857742710602726171238992949384625457e729
2.90737800769143071253064584636720579145981419930553436465033e732
1.01176754667661788796066475453578761542801534135832595889832e735
3.53106873790139642898271999332989877784377354134055759655512e737
1.23587405826548875014395199766546457224532073946919515879429e740
4.33791794451186551300527151180578064858107579553687500736797e742
1.52694711646817666057785557215563478830053868002898000259353e745
5.39012332113266361183983016970939080270090154050229940915514e747
1.90810365568096291859129988007712434415611914533781399084092e750
6.77376797766741836099911457427379142175422296594923966748527e752
2.41146140004960093651568478844146974614450337587792932162476e755
8.60891719817707534336099469473604699373587705188420767820038e757
3.08199235694739297292323610071550482375744398457454634879574e760
1.10643525614411407727944176015686623172892239046226213921767e763
3.98316692211881067820599033656471843422412060566414370118361e765
1.43792325888489065483236251149986335475490753864475587612728e768
5.20528219716330417049315229162950534421276528989401627158076e770
1.88951743757027941388901428186151043994923380023152790658382e773
6.87784347275581706655601198597589800141521103284276157996509e775
2.51041286755587322929294437488120277051655202698760797668726e778
9.18811109525449601921217641206520214009058041877464519467537e780
3.37203677195840003905086874322792918541324301369029478644586e783
1.24090953208069121437071969750787794023207342903802848141208e786
4.57895617337775058102795568380406959945635095315032509641056e788
1.69421378414976771498034360300750575179884985266562028567191e791
6.28553313919563822257707476715784633917373295338945125984278e793
2.33821832778077741879867181338271883817262865866087586866151e796
8.72155436262229977211904586391754126638390489680506699010745e798
3.26186133162074011477252315310516043362758043140509505430019e801
1.22319799935777754303969618241443516261034266177691064536257e804
4.59922447758524356182925764587827621141488840828118402656326e806
1.73390762804963682280963013249611013170341292992200637801435e809
6.55417083402762719022040190083529629783890087510518410889424e811
2.48403074609647070509353232041657729688094343166486477727092e814
9.43931683516658867935542281758299372814758504032648615362949e816
3.59637971419847028683441609349912061042422990036439122453283e819
1.37381705082381564957074694771666407318205582193919744777154e822
5.26171930465521393785596080975482340028727379802712622496501e824
2.02050021298760215213668895094585218571031313844241647038656e827
7.77892582000226828572625246114153091498470558300330341098827e829
3.00266536652087555829033345000063093318409635503927511664147e832
1.16203149684357884105835904515024417114224528940019947014025e835
4.50868220775308590330643309518294738403191172287277394414417e837
1.75387737881595041638620247402616653238841366019750906427208e840
6.84012177738220662390618964870204947631481327477028535066112e842
2.6744876149564427899473201526425013452390919904351815721085e845
1.04839914506292557365934949983586052733372406025059117626653e848
4.12020864009729750448124353435493187242153555678482332272747e850
1.62336220419833521676560995253584315773408500937322038915462e853
6.41228070658342410622415931251658047304963578702422053716076e855
2.53926315980703594606476708775656586732765577166159133271566e858
1.00808747444339327058771253383935664932907934134965175908812e861
4.0121881482847052169390958846806394643297357785716140011707e863
1.60086307116559738155869925798757514626756457565007398646711e866
6.40345228466238952623479703195030058507025830260029594586844e868
2.56778436614961820002015360981207053461317357934271867429325e871
1.03224931519214651640810175114445235491449577889577290706589e874
4.15996474022435046112465005711214299030541798894996481547552e876
1.68062575505063758629435862307330576808338886753578578545211e879
6.80653430795508222449215242344688836073772491351993243108104e881
2.7634529290297633831438138839194366744595163148890925670189e884
1.12472534211511369693953225075521072650502314015986067477669e887
4.58887939582966388351329158308125976414049441185223155308891e889
1.87685167289433252835693625748023524353346221444756270521336e892
7.69509185886676336626343865566896449848719507923500709137479e894
3.16268275399423974353427328747994440887823717756558791455504e897
1.30302529464562677433612059444173709645783371715702222079668e900
5.38149446688643857800817805504437420837085325185850177189027e902
2.22793870929098557129538571478837092226553324626941973356257e905
9.24594564355759012087585071637173932740196297201809189428468e907
3.84631338771995749028435389801064356019921659635952622802243e910
1.60391268267922227344857557547043836460307332068192243708535e913
6.70435501359914910301504590546643236404084648045043578701677e915
2.80912475069804347416330423439043516053311467530873259476003e918
1.17983239529317825914858777844398276742390816362966768979921e921
4.96709438418428047101555454724916745085465336888090097405468e923
2.09611383012576635876856401893914866426066372166774021105107e926
8.86656150143199169759102580011259884982260754265454109274604e928
3.75942207660716447977859493924774191232478559808552542332432e931
1.59775438255804490390590284918029031273803387918634830491284e934
6.80643366969727129063914613750803673226402432533384377892869e936
2.90634717696073484110291540071593168467673838691755129360255e939
1.24391659173919451199204779150641876104164402960071195366189e942
5.33640217856114445644588502556253648486865288698705428120951e944
2.29465293678129211627173056099189068849352074140443334092009e947
9.88995415752736902113115871787504886740707439545310769936559e949
4.27246019605182341712866056612202111071985613883574252612593e952
1.84997526489043953961671002513083514094169770811587651381253e955
8.02889264962450760193652150906782451168696805322290406994638e957
3.49256830258666080684238685644450366258383110315196327042667e960
1.52275977992778411178328066940980359688655036097425598590603e963
6.65446023828441656849293652532084171839422507745749865840935e965
2.9146535843685744569999061980905286726566705839263844123833e968
1.27953292353780418662295882096174208729627838634368275703627e971
5.62994486356633842114101881223166518410362489991220413095957e973
2.48280568483275524372318929619416434618969858086128202175317e976
1.0974001126960778177256496689178206410158467727406866536149e979
4.86148249924362473252462803330594543970020120324124187551402e981
2.15849822966416938124093484678783977522688933423911139272822e984
9.60531712200555374652216006820588699975965753736404569764059e986
4.28397143641447697094888339041982560189280726166436438114771e989
1.91493523207727120601415087551766204404608484596397087837302e992
8.57890983970617500294339592231912595732646010991858953511115e994
3.85193051802807257632158476912128755483958058935344670126491e997
1.73336873311263265934471314610457939967781126520905101556921e1000
7.81749298633797329364465628893165309254692880609282008021713e1002
3.53350682982476392872738464259710719783121182035395467625814e1005
1.60067859391061805971350524309648956061753895462034146834494e1008
7.26708081635420599109931380365806260520362685397635026628602e1010
3.30652177144116372595018778066441848536765021855923937116014e1013
1.50777392777717065903328562798297482932764849966301315324902e1016
6.89052684994166991178211531988219497002735364345997011034803e1018
3.1558612972732848195962088165060452962725279687046663105394e1021
1.44854033544843773219465984677627479098909033763544183653758e1024
6.66328554306281356809543529517086403854981555312303244807289e1026
3.0717746353519570548919956710737683217714649699897179585616e1029
1.41915988153260415936010200003608096465841681613524969685546e1032
6.57071025149595725783727226016705486636846985870620609644078e1034
3.04880955669412416763649432871751345799497001443967962874852e1037
1.41769644386276773795096986285364375796766105671445102736806e1040
6.60646542840049765885151956089797991212930052428934178753517e1042
3.08521935506303240668365963493935661896438334484312261477893e1045
1.44388265816949916632795270915161889767533140538658138371654e1048
6.77180966681495109007809820592109263009730429126306668963056e1050
3.18275054340302701233670615678291353614573301689364134412636e1053
1.49907550594282572281058859984475227552464025095690507308352e1056
7.0756363880501374116659781912672307404763019845165919449542e1058
3.34677601154771499571800768446940014024529083867634798996334e1061
1.58637182947361690797033564243849566647626785753258894724262e1064
7.53526618999968031285909430158285441576227232327979749940245e1066
3.58678670643984782892092888755343870190284162588118360971557e1069
1.71089725897180741439528307936299026080765545554532458183433e1072
8.17808889788523944080945311935509344666059307750665150116808e1074
3.91730458208702969214772804417108976095042408412568606905951e1077
1.88030619940177425223090946120212308525620356038032931314856e1080
9.04427281912253415323067450838221204008233912542938399624459e1082
4.35933949881706146185718511304022620331968745845696308618989e1085
2.10556097792864068607702040959842925620340904243471317062972e1088
1.01909151331746209206127787824563976000244997653840117458478e1091
4.9425938395896911464971977094913528360118823862112456967362e1093
2.40210060604058989719763808681279747830177483969866540861379e1096
1.16982299514176727993524974827783237193296434693325005399492e1099
5.7087362162918243260840187715958219750328660130342602634952e1101
2.79157200976670209545508517931035694579107148037375326884915e1104
1.36787028478568402677299173786207490343762502538313910173608e1107
6.71624309829770857145538943290278777587873887463121298952417e1109
3.30439160436247261715605160098817158573233952631855679084589e1112
1.62906506095069900025793343928716859176604338647504849788703e1115
8.04758140109645306127419119007861284332425432918673957956191e1117
3.98355279354274426533072463908891335744550589294743609188314e1120
1.97584218559720115560403942098810102529297092290192830157404e1123
9.81993566241808974335207592231086209570606548682258365882298e1125
4.89032795988420869218933380931080932366162061243764666209384e1128
2.44027365198222013740247757084609385250714868560638568438483e1131
1.22013682599111006870123878542304692625357434280319284219241e1134
6.11288549821546144419320631496946510053040745744399613938399e1136
3.06866852010416164498498957011467148046626454363688606197076e1139
1.54354026561239330742744975376767975467453106544935368917129e1142
7.77944293868646226943434675898910596355963656986474259342332e1144
3.92861868403666344606434511328949851159761646778169500967878e1147
1.98788105412255170370855862732448624686839393269753767489746e1150
1.00785569444013371378023922405351452716227572387765160117301e1153
5.11990692775587926600361525819185379798436067729847013395891e1155
2.60603262622774254639584016641965358317403958474492129818508e1158
1.32907663937614869866187848487402332741876018821990986207439e1161
6.79158162721211985016219905770625920310986456180373939520015e1163
3.47728979313260536328304591754560471199225065564351457034247e1166
1.78384966387702655136420255570089521725202458634512297458569e1169
9.16898727232791647401200113630260141667540637381393208937044e1171
4.72202844524887698411618058519583972958783428251417502602578e1174
2.4365666777484205238039491819610533004673224897773143134293e1177
1.25970497239593341080664172707386455634160572721487150004295e1180
6.52527175701093506797840414624261840184951766697303437022248e1182
3.38661604188867530028079175189991895055989966915900483814547e1185
1.76104034178211115614601171098795785429114782796268251583564e1188
9.17502018068479912352072101424726042085688018368557590750369e1190
4.78936053431746514247781636943706993968729145588387062371693e1193
2.50483555944803426951589796121558757845645343142726433620395e1196
1.31253383315076995722633053167696789111118159806788651217087e1199
6.89080262404154227543823529130408142833370338985640418889708e1201
3.62456218024585123688051176322594683130352798306446860335986e1204
1.91014426898956360183602969922007398009695924707497495397065e1207
1.0085561740264895817694236811881990614911944824555867756965e1210
5.33526216060012988756025127348557303528841881219005404343449e1212
2.82768894511806884040693317494735370870286197046072864302028e1215
1.50150282985769455425608151589704481932121970631464690944377e1218
7.98799505484293502864235366457227843878888883759392155824086e1220
4.25760136423128437026637450321702440787447775043756019054238e1223
2.27355912849950585372224398471789103380497111873365714174963e1226
1.21635413374723563174140053182407170308565954852250657083605e1229
6.51965815688518298613390685057702432853913518008063521968124e1231
3.50105643024734326355390797875986206442551559170330111296882e1234
1.88356835947307067579200249257280579066092738833637599877723e1237
1.01524334575598509425188934349674232116623986231330666334093e1240
5.482314067082319508960202454882408534297695256491855982041e1242
2.96593191029153485434746952809138301705505313376209408628418e1245
1.60753509537801189105632848422552959524383879849905499476603e1248
8.72891556790260456843586366934462570217404467584986862157952e1250
4.74853006893901688522910983612347638198268030366232853013926e1253
2.5879488875717642024498648606872946281805607654959690489259e1256
1.41302009261418325453762621393526286698658617796079910071354e1259
7.72921990659958240232081539022588788241662639344557108090306e1261
4.23561250881657115647180683384378655956431126360817295233488e1264
2.32535126734029756490302195178023882120080688372088695083185e1267
1.27894319703716366069666207347913135166044378604648782295752e1270
7.04697701567477177043860802487001374764904526111614790449591e1272
3.88993131265247401728211162972824758870227298413611364328174e1275
2.1511320158968181315570077312397209165523569602272708447348e1278
1.19172713680683724488258228310680538777000575596590804798308e1281
6.6140856092779467090983316712427699021235319456107896663061e1283
3.67743159875853837025867240921098006558068376175959905446619e1286
2.04832940050850587223408053193051589652844085530009667333767e1289
1.14296780548374627670661693681722787026286999725745394372242e1292
6.38919003265414168678998867680830379476944328466916754540832e1294
3.57794641828631934460239365901265012507088823941473382542866e1297
2.00722794065862515232194284270609672016476830231166567606548e1300
1.1280621026501473356049318776008263567325997858991561099488e1303
6.35098963792032949945576647089265238840453679461224889901174e1305
3.58195815578706583769305228958345594706015875216130837904262e1308
2.02380635801969219829657454361465261008898969497113923415908e1311
1.14547439863914578423586119168589337731036816735366480653404e1314
6.49483984028395659661733295685901544934978750889527945304801e1316
3.68906902928128734687864511949592077523067930505251872933127e1319
2.09908027766105250037394907299317892110625652457488315698949e1322
1.19647575826679992521315097160611198503056621900768339948401e1325
6.8318765797034275729670920478708994345245331105338722110537e1327
3.90783340359036057173717665138215447654803293922537490472271e1330
2.23918854025727660760540222124197451506202287417613982040612e1333
1.28529422210767677276550087499289337164560112977710425691311e1336
7.39044177711914144340163003120913688696220649621834947725038e1338
4.25689446362062547139933889797646284689023094182176929889622e1341
2.45622810550910089699741854413241906265566325343116088546312e1344
1.41969984498426031846450791850853821821497336048321099179768e1347
8.22006210245886724390950084816443628346469575719779164250859e1349
4.76763601942614300146751049193537304440952353917471915265498e1352
2.76999652728658908385262359581445173880193317626051182769254e1355
1.61213797888079484680222693276401091198272510858361788371706e1358
9.39876441687503395685698301801418361685928738304249226207046e1360
5.48887841945501983080447808252028323224582383169681548104915e1363
3.21099387538118660102061967827436569086380694154263705641375e1366
1.88164241097337534819808313146877829484619086774398531505846e1369
1.10452409524137132939227479817217285907471403936571937993932e1372
6.49460168001926341682657581325237641135931855147042995404317e1374
3.82532038953134615251085315400564970629063862681608324293143e1377
2.25693902982349422998140336086333332671147678982148911332954e1380
1.33385096662568508991900938627022999608648278278450006597776e1383
7.89639772242405573232053556671976157683197807408424039058834e1385
4.68256384939746504926607759106481861506136299793195455161889e1388
2.78144292654209423926405008909250225734644962077158100366162e1391
1.65495854129254607236210980301003884312113752435909069717866e1394
9.86355290610357459127817442593983150500197964518018055518483e1396
5.88854108494383403099307013228607940848618184817256779144534e1399
3.52134756879641275053385593910707548627473674520719553928432e1402
2.1092871937090512375697797075251382162785673103791101280313e1405
1.26557231622543074254186782451508292976714038622746607681878e1408
7.60608962051483876267662562533564840790051372122707112168089e1410
4.57886595154993293513132862645206034155610926017869681525189e1413
2.76105616878460955988419116175059238595833388388775417959689e1416
1.66767792594590417417005146169735780111883366586820352447652e1419
1.0089451451972720253728811343269014696768943678502631323083e1422
6.11420757989546847375965967402102290624197986917259458178827e1424
3.71132400099654936357211342213076090408888178058776491114548e1427
2.25648499260590201305184496065550262968604012259736106597645e1430
1.37419936049699432594857358103920110147879843466179288917966e1433
8.38261609903166538828629884433912671902067045143693662399593e1435
5.12177843650834755224292859389120642532162964582796827726151e1438
3.13452840314310870197267229946141833229683734324671658568404e1441
1.92146591112672563430924811956984943769796129141023726702432e1444
1.17978006943180953946587834541588755474654823292588568195293e1447
7.25564742700562866771515182430770846169127163249419694401053e1449
4.46947881503546725931253352377354841240182332561642531751049e1452
2.75766842887688329899583318416827937045192499190533442090397e1455
1.70423908904591387877942490781599665093928964499749667211865e1458
1.05492399611942069096446401793810192693142029025345044004145e1461
6.54052877594040828397967691121623194697480579957139272825697e1463
4.06166836985899354435137936186528003907135440153383488424758e1466
2.52635772605229398458655796308020418430238243775404529800199e1469
1.57392086333057915239742561099896720682038425872077022065524e1472
9.82126618718281391095993581263355537055919777441760617688871e1474
6.13829136698925869434995988289597210659949860901100386055545e1477
3.84257039573527594266307488669287853873128612924088841670771e1480
2.40929163812601801604974795395643484378451640303403703727573e1483
1.51303514874313931407924171508464108189667630110537525940916e1486
9.51699108559434628555843038788239240513009393395281038168362e1488
5.99570438392443815990181114436590721523195917839027054046068e1491
3.78328946625632047889804283209488745281136624156426071103069e1494
2.3910389426739945426635630698839688701767834646686127693714e1497
1.51352765071263854550603542323655229482190393313523188301209e1500
9.59576530551812837850826458331974154917087093607737013829667e1502
6.09331096900401152035274801040803588372350304440913003781839e1505
3.87534577628655132694434773461951082204814793624420670405249e1508
2.46859525949453319526354950695262839364467023538755967048144e1511
1.57496377555751217857814458543577691514529961017726306976716e1514
1.00640185258125028211143439009346144877784645090327110158121e1517
6.44097185652000180551318009659815327217821728578093505011977e1519
4.12866296002932115733394844191941624746623728018557936712677e1522
2.65060162033882418300839489971226523087332433387914195369539e1525
1.70433684187786394967439792051498654345154754668428827622613e1528
1.09759292616934438359031226081165133398279662006468164988963e1531
7.07947437379227127415751408223515110418903819941719664178812e1533
4.57334044546980724310575409712390761330611867682350903059512e1536
2.95895126821896528628942290083916822580905878390481034279504e1539
1.91740042180588950551554603974378101032427009197031710213119e1542
1.24439287375202228907958937979371387570045128968873579928314e1545
8.08855367938814487901733096865914019205293338297678269534042e1547
5.26564844528168231624028246059710026502645963231788553466661e1550
3.43320278632365687018866416430930937279725168027126136860263e1553
2.24188141946934793623319769929397902043660534721713367369752e1556
1.46619044833295355029651129533826227936553989708000542259818e1559
9.60354743658084575444214898446561792984428632587403551801806e1561
6.29992711839703481491404973380944536197785182977336729981985e1564
4.13905211678685187339853067511280560281944865216110231598164e1567
2.72349629284574853269623318422422608665519721312200532391592e1570
1.79478405698534828304681766840376499110577496344740150846059e1573
1.18455747761032986681089966114648489412981147587528499558399e1576
7.82992492700428041962004676017826515019805385553563382081017e1578
5.18341030167683363778847095523801152943111165236458958937633e1581
3.43660103001174070185375624332280164401282702551772289775651e1584
2.28190308392779582603089414556634029162451714494376800411032e1587
1.51746555081198422431054460680161629393030390138760572273336e1590
1.01063205684078149339082270812987645175758239832414541134042e1593
6.74091581912801256091678746322627593322307459682204989364061e1595
4.50293176717751239069241402543515232339301383067712932895193e1598
3.01246135224175578937322498301611690434992625272299952106884e1601
2.01834910600197637888006073862079832591445058932440967911612e1604
1.35431225012732615022852075561455567668859634543667889468692e1607
9.10097832085563172953565947772981414734736744133448217229609e1609
6.12495840993584015397749882851216492116477828801810650195527e1612
4.12822196829675626378083421041719915686506056612420378231785e1615
2.78654982860031047805206309203160943088391588213383755306455e1618
1.88370768413380988316319465021336797527752713632247418587163e1621
1.2752701021585892909014827781944501192628858712903150238351e1624
8.64633129263523539231205323615837180860236620734833586160195e1626
5.87085894769932483137988414735153445804100665478952005002773e1629
3.99218408443554088533832122019904343146788452525687363401885e1632
2.71867736150060334291539675095554857682962936169993094476684e1635
1.85413796054341147986830058415168412939780722467935290433098e1638
1.26637622705115004075004929897560026037870233445599803365806e1641
8.66201339302986627873033720499310578099032396767902655022115e1643
5.93347917422545840093028098542027745997837191786013318690149e1646
4.07036671351866446303817275599831033754516313565205136621442e1649
2.79634193218732248610722468337083920189352707419295928858931e1652
1.92388324934487787044177058215913737090274662704475599054944e1655
1.32555555879862085273437993110764564855199242603383687748857e1658
9.14633335571048388386722152464275497500874773963347445467111e1660
6.32011634879594436375225007352814368773104468808673084817773e1663
4.37352051336679349971655705088147543190988292415601774693899e1666
3.03084971576318789530357403626086247431354886644012029862872e1669
2.10340970273965239934068038116503855717360291330944348724833e1672
1.46186974340405841754177286490970179723565402475006322363759e1675
1.01746134140922465860907391397715245087601520122604400365176e1678
7.09170554962229587050524518042075258260582595254552670545279e1680
4.95001047363636251761266113593368530265886651487677764040605e1683
3.46005732107181739981125013401764602655854769389886757064383e1686
2.42204012475027217986787509381235221859098338572920729945068e1689
1.69785012744994079808738044076245890523227935339617431691493e1692
1.19189078946985844025734106941524615147306010608411437047428e1695
8.37899224997310483500910771798918044485561254577132402443418e1697
5.89881054398106580384641183346438303317835123222301211320166e1700
4.15866143350665139171172034259239003839073761871722353980717e1703
2.93601497205569588254847456187022736710386075881435981910386e1706
2.07576258524337698896177151524225074854242955648175239210643e1709
1.46963991035231090818493423279151352996804012598908069361135e1712
1.04197469643978843390311837104918309274734044932625821177045e1715
7.39802034472249788071214043444919995850611719021643330357019e1717
5.2599924650976959931863318488933811704978493222438840788384e1720
3.74511463514955954714866827641208739339446871743764546413294e1723
2.67026673486163595711700048108181831149025619553304121592679e1726
1.90657044869120807338153834349241827440404292361059142817173e1729
1.36319787081421377246779991559707906619889069038157287114279e1732
9.76049675502977061086944739567508611398405734313206175738234e1734
6.99827617335634552799339378269903674372656911502568828004314e1737
5.02476229246985608909925673597790838199567662458844418507097e1740
3.61280408828582652806236559316811612665489149307909136906603e1743
2.60121894356579510020490322708104361119152187501694578572754e1746
1.87547885831093826724773522672543244366908727188721791150956e1749
1.3540957357004974289528648336957622243290810103025713321099e1752
9.79011216911459641132921274762036088189925570448759073115458e1754
7.08804121043896780180235002927714127849506113004901568935592e1757
5.13882987756825165630670377122592742690891931928553637478304e1760
3.73079049111455070247866693791002331193587542580129940809249e1763
2.71228468704027836070199086386058694777738143455754466968324e1766
1.9745432521653226465910493488905072979819336843578925195294e1769
1.43944203082852020936487497534117982022882965589690364673693e1772
1.05079268250481975283635873199906126876704564880473966211796e1775
7.68129450911023239323378233091313787468710369276264693008228e1777
5.62270758066869011184712866622841692427095990310225755282023e1780
4.12144465663014985198394531234542960549061360897395478621723e1783
3.02514037796652999135621585926154533043011038898688281308345e1786
2.22347817780539954364681865655723581786613113590535886761633e1789
1.63647993886477406412405853122612556194947251602634412656562e1792
1.20608571494333848525943113751365453915676124431141562127886e1795
8.90091257628183802121460179485077049897689798301824728503801e1797
6.57777439387227829767759072639471939874392760945048474364309e1800
4.86755305146548594028141713753209235507050643099335871029588e1803
3.60685681113592508174853009891128043510724526536607880432925e1806
2.6762877538628564106574093333921700828495759869016304728123e1809
1.98848180112010231311845513471038237155723495826791144129954e1812
1.47943046003335612096013062022452448443858280895132611232686e1815
1.10217569272485031011529731206727074090674419266873795368351e1818
8.22223066772738331346011794802183972716431167730878513447898e1820
6.1420063087923553351547081071723142761917408229496624954558e1823
4.59422071897668179069572166416489107859142213556634754660094e1826
3.4410713185135346612310955264595034178649751795391943124041e1829
2.58080348888515099592332164484462756339873138465439573430308e1832
1.93818342015274839793841455527831530011244726987545119646161e1835
1.45751393195486679524968774556929310568456034694633929973913e1838
1.09750799076201469682301487241367770858047394125059349270357e1841
8.27521025034559081404553213799912992269677351702947493498489e1843
6.24778373901092106460437676418934309163606400535725357591359e1846
4.72332450669225632484090883372714337727686438805008370339068e1849
3.57555665156603803790456798713144753659858634175391336346674e1852
2.71027194188705683273166253424563723274172844704946632950779e1855
2.05709640389227613604333186349243865965097189131054494409641e1858
1.56339326695812986339293221625425338133473863739601415751327e1861
1.1897422761551368260420214165694868231957361030583667738676e1864
9.06583614430214261444020319425948959275150910530475481687112e1866
6.91723297810253481481787503721999055926940144734752792527266e1869
5.28476599527033659852085652843607278728182270577351133490832e1872
4.04284598638180749786845524425359568227059436991673617120486e1875
3.09682002556846454336723671709825429261927528735621990714292e1878
2.37526095961101230476267056201436104243898414540222066877862e1881
1.82420041698125745005773099162702928059313982366890547362198e1884
1.4028101206585869790943951325611855167761245244013883092153e1887
1.08016379290711197390268425207211284791761588378906899809578e1890
8.3280628433138333187896955834759900574448184640137219753185e1892
6.42926451503827932210564499044346432434739985421859336494588e1895
4.96982147012458991598766357761279792272054008731097267110317e1898
3.84664181787643259497445160907230559218569802757869284743385e1901
2.98114740885423526110519999703103683394391597137348695676123e1904
2.31337038927088656261763519769608458314047879378582587844672e1907
1.7974887924634788591539025486098577211001520227715867075531e1910
1.39844628053658655242173618281846930701591827371629445847631e1913
1.08938965253800092433653248641558759016540033522499338315305e1916
8.49723928979640720982495339404158320329012261475494838859376e1918
6.63634388533099403087328860074647648176958576212361469149173e1921
5.18962091832883733214291168578374460874381606598066668874653e1924
4.06347317905147963106789984996867202864640797966286201728853e1927
3.18576297237636003075723348237543887045878385605568382155421e1930
2.50082393331544262414442828366471951331014532700371179992006e1933
1.96564761158593790257752063096046953746177422702491747473716e1936
1.54696467031813312932850873656588952598241631666861005261815e1939
1.2190081602106889059108648844139209464741440575348647214631e1942
9.61797438406233546763672393802583626768099661395008265234386e1944
7.59819976340924501943301191104041065146798732502056529535165e1947
6.01017601285671281037151242163296482531117797409126714862316e1950
4.76005940218251654581423783793330814164645295548028358170954e1953
3.77472710593073562083069060548111335632563719369586488029567e1956
2.99713332210900408293956834075200400492255593179451671495476e1959
2.38272099107665824593695683089784318391343196577664078838903e1962
1.89664590889701996376581763739468317439509184475820606755767e1965
1.51162678939092491112135665700356248999288820027229023584346e1968
1.20627817793395807907484261228884286701432478381728760820308e1971
9.63816264169232505180799247218785450744445502270012798954264e1973
7.71053011335386004144639397775028360595556401816010239163411e1976
6.17613462079644189319856157617797716837040677854624201569892e1979
4.95325996587874639834524638409473768903306623639408609659054e1982
3.9774677526006333578712328464280743642935521878244511355622e1985
3.19788407309090921972847120852817178889201595901085871299201e1988
2.57429667883818192188141932286517829005807284700374126395857e1991
2.07488312314357462903642397422933370178680671468501545875061e1994
1.67443068037686472563239414720307229734195301875080747521174e1997
1.35293998974450669831097447094008241625229803915065243997108e2000
1.09452845170330591893357834699052667474810911367287782393661e2003
8.86568045879677794336198461062326606545968382075031037388652e2005
7.19006685208418691206656951921546877908780357862850171322197e2008
5.83833428389235977259805444960296064861929650584634339113624e2011
4.74656577280448849512221826752720700732748805925307717699376e2014
3.86370453906285363502948566976714650396457528023200482207292e2017
3.14891919933622571254903082086022440073112885338908392998943e2020
2.56951806665836018144000914982194311099660114436549248687138e2023
2.09929626045988026823648747540452752168422313494660736177391e2026
1.71722434105618205941744675488090351273769452438632482193106e2029
1.40640673532501310666288889224745997693217181547240002916154e2032
1.15325352296651074746356889164291718108438088868736802391246e2035
9.46821142355505323667590060038835005670276709612329147632132e2037
7.78286979016225376054759029351922374660967455301334559353612e2040
6.40530183730353484493066681156632114345976215712998342348023e2043
5.27796871393811271222286945273064862221084401747510634094771e2046
4.35432418899894298758386729850278511332394631441696273128186e2049
3.59667178011312690774427438856330050360557965570841121603882e2052
2.9744475621535559527045149193418495164818143752708560756641e2055
2.46284258146314432883933835321505139964694230272426883064988e2058
2.04169650003294664860781149481527761030731516895841886060875e2061
1.69460809502734571834448354069668041655507159023548765430526e2064
1.40821932696772429194426582231894142615726449148569024072767e2067
1.17163848003714661089762916416935926656284405691609428028542e2070
9.75974853870943126877725093753076269046849099411106535477757e2072
8.13963028128366567816022728190065608385072148908862850588449e2075
6.79659128487186084126378978038704783001535244338900480241355e2078
5.68195031415287566329652825640357198589283464267320801481773e2081
4.75579241294595693017919415060978975219230259591747510840244e2084
3.98535404204871190749016469821100381233714957537884414084124e2087
3.3437120412788692903842481817990321985508684937428502341658e2090
2.80871811467425020392276847271118704678272953474399419669927e2093
2.36213193444104442149904828555010830634427553871969911942409e2096
1.98891508879935940290219865643319119394188000360198665855508e2099
1.67665541985785997664655346737318017649300484303647475316194e2102
1.41509717436003382028969112646296406896009608752278469166867e2105
1.19575711233422857814478900186120463827128119395675306446003e2108
1.01161051703475737711049149557457912397750389008741309253318e2111
8.56834107928439498412586296751668518008945794904038889375607e2113
7.26595323523316694653873179645414903271586034078624978190515e2116
6.16879429671295873761138329518957252877576542932752606483747e2119
5.24347515220601492696967580091113664945940061492839715511185e2122
4.46219735452731870285119410657537728868994992330406597900019e2125
3.80179214605727553482921737880222144996383733465506421410816e2128
3.24292870058685603120932242411829489681915324646076977463426e2131
2.76946111030117505065276135019702384188355687247749738753766e2134
2.3678892493075046683081109544184553848104411259682602663447e2137
2.02691319740722399607174297698219780939773760382883078799106e2140
1.73706461017799096463348373127374352265386112648130798530834e2143
1.49040143553271624765552904143287194243701284652096225139455e2146
1.28025483312260325673609944659083699855339403516150657394792e2149
1.10101915648543880079304552406811981875591887023889565359521e2152
9.47977493733962807482812196222651163948846147275689157745479e2154
8.17156599598675940050184113143925303323905378951644053976603e2157
7.05206145453657336263308889643207536768530342035268818581808e2160
6.09298109671959938531498880651731311768010215518472259254682e2163
5.270428648662453468297465317637475846793288364234785042553e2166
4.5641912097416847035456049650740540833229877234273238468509e2169
3.95715377884604063797403950471920489024103035621148977521973e2172
3.43480948003836327376146629009626984472921434919157312489073e2175
2.98484943815333768489871420609365849506968726944747704553004e2178
2.59681901119340378586188135930148289071062792441930502961113e2181
2.2618293587494546974856986639515915978089569221692146807913e2184
1.97231520082952449620752923496578787328941043613155520165001e2187
1.72183117032417488518917302212513281338165531074284769104046e2190
1.50488044286332884965533722133736607889556674158924888196936e2193
1.31677038750541274344842006867019531903362089889059277172319e2196
1.15349085945474156326081598015509109947345190742815926802952e2199
1.01161148374180835097973561459601489423821732281449567806189e2202
8.88194882725307732160207869615301077141154809431127205338336e2204
7.80723301915545496568822717391849646807075077489960813492397e2207
6.8703650568568003698056399130482768919022606819116551587331e2210
6.05279161509084112579876876339553194176589166076416819484386e2213
5.33856220451012187295451404931485917263751644479399634785228e2216
4.71395042658243761381883590554502064943892702075309877515357e2219
4.16713217709887485061585094050179825410401148634573931723575e2222
3.68791197673250424279502808234409145488205016541597929575364e2225
3.26749001138499875911639488095686502902549644655855765603773e2228
2.89826364009849389933624225940873928074561534809744064090546e2231
2.57365811240746258261058312635496048130210642911052728912405e2234
2.28798206193023423594080839932955986787757261547925876003128e2237
2.03630403511790846998731947540330828241103962777654029642784e2240
1.81434689529005644675870165258434767962823630834889740411721e2243
1.61839743059873035050876187410523813022838678704721648447255e2246
1.44522890552466620300432435357597765029394940083316432063398e2249
1.29203464153905158548586597209692401936279076434484890264678e2252
1.15637100417745116900985004502674699732969773408863976786887e2255
1.03610841974299624743282564034396530960740916974342123201051e2258
9.29389252509467633947244599388536882717846025259848845113425e2260
8.34591548753501935284625650250906120680625730683344262911856e2263
7.50297802329398239820878459575564602491882531884326492357759e2266
6.75268022096458415838790613618008142242694278695893843121983e2269
6.08416487908909032670750342869825336160667545105000352652906e2272
5.48791672093835947469016809268582453216922125684710318092922e2275
4.95558879900733860564522178769529955254880679493293417237908e2278
4.47985227430263409950328049607655079550412134261937249183069e2281
4.05426630824388386005046884894927846993122981507053210510677e2284
3.67316527526895877720572477714804629375769421245390208722674e2287
3.33156090466894561092559237287327798843822865069568919311465e2290
3.0250573014394026147204378745689364135019116148316857873481e2293
2.74977708700841697678087802798316319987323765788200238069943e2296
2.50229714917765944887059900546467851188464626867262216643648e2299
2.27959270290084775792111569397832212432691275076075879362363e2302
2.07898854504557315522405751290822977738614442869381201978475e2305
1.89811654162660829071956450928521378675354986339745037406348e2308
1.73487851904671997771768196148668540109274457514526964189402e2311
1.58741384492774877961167899476031714199986128625792172233303e2314
1.45407108195381788212429795920045050207187293821225629765705e2317
1.33338318215165099790798122858681311039990748434063902495152e2320
1.22404576121521561607952676784269443534711507062470662490549e2323
1.12489805455678315117708509964743618608399874990410538828815e2326
1.0349062101922404990829182916756412911972788499117769572251e2329
9.53148619587053499655367746633265629192693820768746577604314e2331
8.78803027259263326682249062395870910115663702748784344551177e2334
8.11135194160300050527715884591388850036757597637127950020737e2337
7.49488919404117246687609477362443297433964020216706225819161e2340
6.93277250448808453186038766560260050126416718700453258882724e2343
6.41974733915596627650271897834800806417061881516619717725402e2346
5.95110578339758073831802049292860347548616364165906478331448e2349
5.52262616699295492515912301743774402525115985945961211891583e2352
5.13051970913645512547282528319966419945832750943797965847281e2355
4.77138332949690326668972751337568770549624458377732108237971e2358
4.44215787976161694128813631495276525381700370749668592769551e2361
4.14009114393782698928054304553597721655744745538691128461222e2364
3.8627050372939925809987466614850667430480984758759882285432e2367
3.60776650483258907065282938182705233800692397646817300545935e2370
3.37326168201847078106039547200829393603647391799774176010449e2373
3.1573729343692886510725301617997631241301395872458862874578e2376
2.95845843950402346605496076160637804730994079324939545134796e2379
2.77503401625477401115955319438678260837672446406793293336439e2382
2.60575694126323279647882044952918886926574427175978902442916e2385
2.44941152478743882869009122255743753710979961545420168296341e2388
2.30489624482497993779737584042654872242032143814240378366857e2391
2.17121226262513110140512804168180889651994279473014436421579e2394
2.04745316365549862862503574330594578941830605543052613545549e2397
1.93279578649079070542203374168081282521088091632641667186998e2400
1.82649201823379721662382188588836811982428246592846375491714e2403
1.72786144924917216692613550405039624135377121276832671215161e2406
1.63628479243896604207905032233572524056202133849160539640758e2409
1.55119798323213980789093970557426752805279622889004191579438e2412
1.47208688608730067768850178058997988412210362121664977808887e2415
1.39848254178293564380407669156048088991599844015581728918442e2418
1.32995689723557179725767693367401732631011451658818224201439e2421
1.2661189661682643509893084408576644946472290197919494943977e2424
1.20661137475835592649281094413735426339880925586172786816101e2427
1.1511072515194715538741416407070359672824640300920883862256e2430
1.09930742520109533394980526687521934875475314873794440884545e2433
1.05093789849224713925601383513270969740954401019347485485625e2436
1.00574756885708051226800524022200318042093361775515543609743e2439
9.63506170965083130752749020132679046843254405809438907781337e2441
9.24002417955514722391886310307239205922680975171251912562302e2444
8.8704232123729413349621085789494963768577373616440183605981e2447
8.52447670709039662289858634437046601816028560453990164453477e2450
8.20054659222096155122844006328438830947019475156738538204245e2453
7.89712636830878597383298778094286594201979754575939212290688e2456
7.61282981904966967877500022082892276810708483411205400648223e2459
7.34638077538293124001787521309991047122333686491813211625535e2462
7.09660382901991157785726745585451351520174341151091562430267e2465
6.86241590266225449578797762981131456920008587893105540870068e2468
6.64281859377706235192276234565735250298568313080526163562226e2471
6.43689121736997341901315671294197457539312695375029852491797e2474
6.24378448084887421644276201155371533813133314513778956917043e2477
6.06271473090425686416592191321865759332552448392879367166449e2480
5.89295871843893767196927609964853518071240979837878744885788e2483
5.73384883304108635482610564495802473083317473382256018773872e2486
5.58476876338201810960062689818911608783151219074317362285752e2489
5.44514954429746765686061122573438818563572438597459428228608e2492
5.31446595523432843309595655631676286918046700071120401951121e2495
5.19223323826393887913474955552147732318931625969484632706245e2498
5.07800410702213222379378506530000482207915130198155970786708e2501
4.97136602077466744709411557892870472081548912463994695400187e2504
4.87193870035917409815223326735013062639917934214714801492183e2507
4.77937186505234979028734083527047814449759493464635220263832e2510
4.69334317148140749406216870023560953789663822582271786299083e2513
4.61355633756622356666311183233160417575239537598373165931998e2516
4.53973943616516398959650204301429850894035704996799195277087e2519
4.4716433446226865297525545123690840313062516942184720734793e2522
4.40904033779796891833601874919591685486796417049941346445059e2525
4.35172281340659532239765050545636993575468063628292108941273e2528
4.29950213964571617852887869939089349652562446864752603633978e2531
4.25220761610961330056506103369759366806384259949240324994004e2534
4.20968553994851716755941042336061773138320417349747921744064e2537
4.17179837008898051305137572955037217180075533593600190448368e2540
4.13842398312826866894696472371396919442634929324851388924781e2543
4.10945501524637078826433597064797141006536484819577429202307e2546
4.08479828515489256353474995482408358160497265910659964627093e2549
4.06437429372911810071707620504996316369694779581106664803958e2552
4.04811679655420162831420790022976331104216000462782238144742e2555
4.03597244616453902342926527652907402110903352461393891430308e2558
4.02790050127220994538240674597601587306681545756471103647447e2561
4.023872600770937735437024339230039857193748642107146325438e2564
4.023872600770937735437024339230039857193748642107146325438e2567