-13.406487338144910138498015358651607145889756981295
-12.82379974948780890633912881377721549748456726861
-12.342964222859674295102740266870727507684215885999
-11.915061943114165801984797918762777070787192719624
-11.521415400787030241694215193615806787762300833732
-11.152404385585125264899035250356738671218866476907
-10.802260753684714594821667549250484903522467770126
-10.467185421342812141783133163578050485368059197791
-10.144509941292845469888588301440455941004734121264
-9.8322698077779690943551615313409315780947453926671
-9.5289658233901148046970657443074887808291687384498
-9.2334208902191615504779366283532133797467520910863
-8.9446892173254744787985968075412885077473295525809
-8.6619961681345177143760754560127444328156251045127
-8.3846969404162650750860155396074513179782321306247
-8.1122473111627919172116920138170293561681703167016
-7.8441823844608211687920795305108108525882918227802
-7.5801008078574888842858087147798508005952446740541
-7.3196528223045353163320619830886983154201857246218
-7.0625310602488654374655227313402111369558533713012
-6.8084633528587964144789809043219887893673137842016
-6.5572070319215393159801431092748363242153412136856
-6.3085443611121351216388174153874158418899967897333
-6.0622788326143026386651846010776852194050157282098
-5.8182321352035170473622698170478695905988755193471
-5.5762416493299241033034851100970939533372038220982
-5.3361583601383604972771152654631793693757767432758
-5.0978451050891362470000919393992882018148316917198
-4.861175091791210210046066849049651598903759210722
-4.6260306357871557730740379959854765524883917545046
-4.3923020786826840167447755690930260111118164084445
-4.1598868551310305400680411225876429394973862403352
-3.9286886834276709720095023242871466851524016002606
-3.6986168593184919397969539485760535948752486554752
-3.4695856364185891697681598371294103733559227855906
-3.2415136796310129503587732945183130796639221482042
-3.0143235803311555167151651485231965602581338238536
-2.7879414239819893131903676217409219127677228740981
-2.5622964023726080250560245984515873668232679322664
-2.3373204639068785050126227798659529280851747489535
-2.1129479963711879520297712999877086865700732258921
-1.8891155374270083714936395268915260054134381371616
-1.6657615087415094698666537171307433322798696612353
-1.442825970215932787702577716776781467558992104909
-1.2202503912189530588204931976741636515776285057147
-0.99797743609810524392410306108792899459357134614507
-0.77595076154014578197506583387520502815153122634977
-0.55411482359161698823299767239979854264076384558092
-0.33241469234223180704589884489338884776779165908485
-0.11079587242243948288755989392835521073522875550516
0.11079587242243948288755989392835521073522875550516
0.33241469234223180704589884489338884776779165908485
0.55411482359161698823299767239979854264076384558092
0.77595076154014578197506583387520502815153122634977
0.99797743609810524392410306108792899459357134614507
1.2202503912189530588204931976741636515776285057147
1.442825970215932787702577716776781467558992104909
1.6657615087415094698666537171307433322798696612353
1.8891155374270083714936395268915260054134381371616
2.1129479963711879520297712999877086865700732258921
2.3373204639068785050126227798659529280851747489535
2.5622964023726080250560245984515873668232679322664
2.7879414239819893131903676217409219127677228740981
3.0143235803311555167151651485231965602581338238536
3.2415136796310129503587732945183130796639221482042
3.4695856364185891697681598371294103733559227855906
3.6986168593184919397969539485760535948752486554752
3.9286886834276709720095023242871466851524016002606
4.1598868551310305400680411225876429394973862403352
4.3923020786826840167447755690930260111118164084445
4.6260306357871557730740379959854765524883917545046
4.861175091791210210046066849049651598903759210722
5.0978451050891362470000919393992882018148316917198
5.3361583601383604972771152654631793693757767432758
5.5762416493299241033034851100970939533372038220982
5.8182321352035170473622698170478695905988755193471
6.0622788326143026386651846010776852194050157282098
6.3085443611121351216388174153874158418899967897333
6.5572070319215393159801431092748363242153412136856
6.8084633528587964144789809043219887893673137842016
7.0625310602488654374655227313402111369558533713012
7.3196528223045353163320619830886983154201857246218
7.5801008078574888842858087147798508005952446740541
7.8441823844608211687920795305108108525882918227802
8.1122473111627919172116920138170293561681703167016
8.3846969404162650750860155396074513179782321306247
8.6619961681345177143760754560127444328156251045127
8.9446892173254744787985968075412885077473295525809
9.2334208902191615504779366283532133797467520910863
9.5289658233901148046970657443074887808291687384498
9.8322698077779690943551615313409315780947453926671
10.144509941292845469888588301440455941004734121264
10.467185421342812141783133163578050485368059197791
10.802260753684714594821667549250484903522467770126
11.152404385585125264899035250356738671218866476907
11.521415400787030241694215193615806787762300833732
11.915061943114165801984797918762777070787192719624
12.342964222859674295102740266870727507684215885999
12.82379974948780890633912881377721549748456726861
13.406487338144910138498015358651607145889756981295