5.9080678650312068152688551645556061062644581259e-79
1.9728605748794525544872211065637550231293938474e-72
3.0830289900032748119777756174757055950850682633e-67
9.0192223036935561797219710686745423110079245963e-63
8.5188830817616337866543437236776771538397478679e-59
3.4594779364755504446444990109345385151512271886e-55
7.1915294634633710296009233092934997686410439645e-52
8.5975639548252716100212060248174474881274386672e-49
6.4207252053484724828800408471584916915993959059e-46
3.1852178778359179306779731672800667989935214507e-43
1.10047068271422366945648467712836219181310669307e-40
2.74878488435711249198533975628223487530651914144e-38
5.1162326043852221804395187232120784034846186857e-36
7.2745725968877675745099625860465674823183668116e-34
8.0674342787093771737091624348505973554786436001e-32
7.1018122263849342296566205900844286341371592765e-30
5.0377911662131877842333528390235483454169208612e-28
2.91735007262933241779901524970783017209670176093e-26
1.39484152606876708048010968205571294965013351049e-24
5.5610269616591673171499515673736709627039176527e-23
1.86499767513025225816561207316563689379479952019e-21
5.30231618313184868530136244786093008876369845062e-20
1.28683292112115327575175365540890439103892969319e-18
2.68249216476037608000319690742832001860759340365e-17
4.82983532170303334767716446099372176359606176718e-16
7.54889687791524329226883208140981598601231329719e-15
1.02887493735099254679820864815785622056921804473e-13
1.22787851441012497002616861667998095299326266148e-12
1.28790382573155823281197009361570844035330384723e-11
1.19130063492907294981858021453394765282120509398e-10
9.74792125387162124575858722469264813485640285579e-10
7.07585728388957290738039909448384757166085704791e-9
4.56812750848493951355696569863644511224300052753e-8
2.62909748375372507934101357870501562183887074729e-7
1.351797159110367286600269515661096260827791838994e-6
6.22152481777786331735084768865230890743996599235e-6
0.00002567615938454906305610276474885021193770027552855
0.0000951716277855096647016063282474539896969955146757
0.0003172919710433003055500796732223822216616213231329
0.000952692188548619117478527371837668433493955617151
0.002579273260059090173395552206628699804065823294841
0.00630300028560805254938553269972409719238759960843
0.01391566522023180641788101020246385121972821443519
0.02777912738593351427005736766597412408002872934999
0.05017581267742869569787714615455060552368798962419
0.08205182739122446468042594127117925102678018232983
0.12153798684410418198365839318458455743950225229703
0.1631300305027829414192851910432602620815939682712
0.19846285025418647770890073529177368162060594796343
0.21889262958743912506271055295962083348967522496364
0.21889262958743912506271055295962083348967522496364
0.19846285025418647770890073529177368162060594796343
0.1631300305027829414192851910432602620815939682712
0.12153798684410418198365839318458455743950225229703
0.08205182739122446468042594127117925102678018232983
0.05017581267742869569787714615455060552368798962419
0.02777912738593351427005736766597412408002872934999
0.01391566522023180641788101020246385121972821443519
0.00630300028560805254938553269972409719238759960843
0.002579273260059090173395552206628699804065823294841
0.000952692188548619117478527371837668433493955617151
0.0003172919710433003055500796732223822216616213231329
0.0000951716277855096647016063282474539896969955146757
0.00002567615938454906305610276474885021193770027552855
6.22152481777786331735084768865230890743996599235e-6
1.351797159110367286600269515661096260827791838994e-6
2.62909748375372507934101357870501562183887074729e-7
4.56812750848493951355696569863644511224300052753e-8
7.07585728388957290738039909448384757166085704791e-9
9.74792125387162124575858722469264813485640285579e-10
1.19130063492907294981858021453394765282120509398e-10
1.28790382573155823281197009361570844035330384723e-11
1.22787851441012497002616861667998095299326266148e-12
1.02887493735099254679820864815785622056921804473e-13
7.54889687791524329226883208140981598601231329719e-15
4.82983532170303334767716446099372176359606176718e-16
2.68249216476037608000319690742832001860759340365e-17
1.28683292112115327575175365540890439103892969319e-18
5.30231618313184868530136244786093008876369845062e-20
1.86499767513025225816561207316563689379479952019e-21
5.5610269616591673171499515673736709627039176527e-23
1.39484152606876708048010968205571294965013351049e-24
2.91735007262933241779901524970783017209670176093e-26
5.0377911662131877842333528390235483454169208612e-28
7.1018122263849342296566205900844286341371592765e-30
8.0674342787093771737091624348505973554786436001e-32
7.2745725968877675745099625860465674823183668116e-34
5.1162326043852221804395187232120784034846186857e-36
2.74878488435711249198533975628223487530651914144e-38
1.10047068271422366945648467712836219181310669307e-40
3.1852178778359179306779731672800667989935214507e-43
6.4207252053484724828800408471584916915993959059e-46
8.5975639548252716100212060248174474881274386672e-49
7.1915294634633710296009233092934997686410439645e-52
3.4594779364755504446444990109345385151512271886e-55
8.5188830817616337866543437236776771538397478679e-59
9.0192223036935561797219710686745423110079245963e-63
3.0830289900032748119777756174757055950850682633e-67
1.9728605748794525544872211065637550231293938474e-72
5.9080678650312068152688551645556061062644581259e-79