-19.580970910469746827937664605318988768636066595075
-19.256780997852754243776299727284856654100389435682
-18.990563761638514300539712476124934958920617766547
-18.754671861540110395211955532819549394629544438315
-18.538530981087348556561683747978645112077519604685
-18.336687068269544394912365920408419979367262519694
-18.145866338453979169738007514282060258373631311267
-17.963910743401012558884955603724505652408233986312
-17.78930357834176877946791837856968976002385646569
-17.620927860116603255901886231752401958749868667112
-17.457931097089374318285547398168718705410070256084
-17.29964407752001349809841504939367111574196880974
-17.145529348211573887520538454369468066992191520147
-16.995147058792556043888957863890359365356364389734
-16.848131485745423954204221380323158678420686808793
-16.704174402120006239811262317225653305786852110814
-16.563012990678105996005113081238996895041473353614
-16.424420863278045573841703351702602855657797920765
-16.288201259009147451295808340558543765998945619067
-16.154181805045156681460987588772223421638515083881
-16.022210420622141693257296219985631229206589716041
-15.892152071923455973069323988754407545548933528982
-15.763886170302400454917234719843510407434818102249
-15.637304463769536483114393101658997076215761683984
-15.51230931149902330105353507355943480871507007184
-15.388812259189263237780845550196961532024971771812
-15.266732853232390980240335507213212715477858977425
-15.145997646274491068517161364800374904921513238642
-15.026539357526304738641766844638443558767641163461
-14.908296159223927449524109181219453401669086214174
-14.791211066704616387741304188217024113675470100802
-14.675231414187305464472625429381160768725705095872
-14.560308401907637241202652120328353755633327459692
-14.446396703023115226131658573562466739426023297824
-14.333454120870836030437782099189461686797489650389
-14.221441288871331397954348305895837238501881272025
-14.110321406733235987807321680597913437803289960747
-14.000060007703888533426233189217740571888435603038
-13.890624752490167999200301600989121860814358948921
-13.781985246187147618877234810101987290266159295775
-13.674112875134201302436257194930720778043300966225
-13.566980661095780701530153251479862223778477966876
-13.460563130557992933451085342559778073153547577931
-13.354836197258616308091118386560011183014027996859
-13.249777056340100750435881847001715211098219246629
-13.145364088742553167218514026408359769130698734798
-13.041576774644784027167332724964628459099914469923
-12.938395614922659292456854769247797960974326127542
-12.835802059730469390666696823384417622281740495189
-12.733778443427007215967142523507499444355849577234
-12.632307925166964631669466223515490160504698186241
-12.531374434562907636037604824129226251979417489291
-12.430962621895767063140477666967769292852267369028
-12.331057812414372389705576560018392793848110448631
-12.231645964318621700037715345929925209507706394338
-12.132713630067716364502107992313489568720888696207
-12.034247920695573323529169704751545687214150420096
-11.936236472850962751640993696746176698004329381885
-11.83866741831086054843458367798646538891190942553
-11.741529355742589879061596136088275235080839751918
-11.644811324514090951913430415590660532447661567662
-11.548502780372558083798688996558238051518028456372
-11.45259357283010395379690379058694188614085724179
-11.357073924111381540647683043697467883449748623432
-11.261934409532495271510991606956493945129617307456
-11.167165939193304678004216113933287778686578497834
-11.072759740876572593150267683898147870434010531993
-10.978707344057513068462715084678986742092974165435
-10.885000564936304771229296258407681586652266691693
-10.791631492414185918391481270426754270501589770069
-10.698592474940951417690040893466746631393276183383
-10.605876108168131321925848470576336203659585422464
-10.513475223347928533456778786592370350567523524007
-10.421382876423208404656021584571936145047089444308
-10.329592337758529405708351108512225019714416057406
-10.238097082466440089369541428686155194548418002377
-10.146890781287093785073069690081793309910394604031
-10.055967291982693265588099396379189371833639546002
-9.9653206512114121797054985799729977780105245151429
-9.874945066848282832271709253099188153574601005347
-9.7848349107231213828308034770193339712473807394367
-9.6949847117479086727269956339166515903976757260928
-9.6053891494081815505609669907490213613353090888861
-9.5160430475949369298709076866287644676127251028094
-9.426941368755327704613500019362941068981160113639
-9.3380792083420528198597446701156619940867793264237
-9.2494517895428281775037223769439825266178459390839
-9.1610544582726839749512172940847742368636049015445
-9.072882678413079437642769252532647176183505060562
-8.9849320272829683712598744054847638609390126801802
-8.8971981913279980763833716896422816821494685980096
-8.8096769620149885054845030450615964619976067755213
-8.7223642319197257966036896376707136856146422468295
-8.635255990996921412964671104135248004729261442947
-8.5483483230219412872829108989338040195410453033736
-8.4616374021946042340759813070512080180502707891438
-8.3751194898959905257011853278813582149911923274727
-8.2887909315897945118215123046702902046640365647273
-8.2026481538603036437580625145506254224610159557168
-8.1166876615795939992303163333392604136010534741002
-8.0309060351970027926568545225121543800614694801349
-7.9452999281443744896628547955679874232856937462817
-7.8598660643509818267134018210302458827063099607478
-7.7746012358623988181450945202658689061879172366245
-7.689502300557952034225592296982311058868212236424
-7.6045661799617011694101697419282297266835441651375
-7.5197898571422021173124047453142793348113225557435
-7.4351703746965871871866898024125949809253966133232
-7.3507048328147593427070398320613123735912946412807
-7.2663903874197418864131294109510827307390157894656
-7.1822242483804531963703090259761942370576630364517
-7.0982036777933891760906652673846850600517661305723
-7.0143259883298951325359935630134410326029987149841
-6.9305885416458948846503113461476361295112824457617
-6.8469887468511189760380392443626395897717633758016
-6.763524059035036792554106404828126006309119214742
-6.6801919778468499707888568297379555569557209106281
-6.5969900461270474646685069633947901051225008707779
-6.5139158485881566941016902211408076230063388160293
-6.4309670105424509578201336188526369811052784095224
-6.348141196674491329515467104745146580986325745507
-6.2654361098564921046616166088427012985106603157781
-6.1828494900046030167854048546311243124933844654862
-6.1003791129742993507515948455015054978061144375444
-6.0180227894931631669224491782111661549760138029978
-5.935778364129425502449773069334151594190349065267
-5.8536437142947209942103775039639892200546910913533
-5.7716167492795832052443598413257016476154355636675
-5.689695409320281341872935765907059983778419652567
-5.6078776646956673084200086719362906108182534961061
-5.5261615148527664264724748362380121045613231380167
-5.4445449875599058927231861910031079162961049658854
-5.3630261380862323929731125503131004970521935840205
-5.2816030484065244430041520369485256735890786238886
-5.2002738264302561880495614156942166355003246112143
-5.1190366052539177460050439460926741068357335902433
-5.0378895424356428971481732509039183437788811895234
-4.956830819291238165022936791203798131046312753018
-4.8758586402107482484842589049747003842449521736175
-4.7949712319947314928063231510576928074201100815772
-4.7141668432094557580408366773582627856092500090804
-4.6334437435602597766333980342806994106653447985911
-4.5528002232823580028266440969077510496998699509654
-4.4722345925483981493277930519476877144039991995174
-4.391745180892110180929628932138104205294580881439
-4.3113303366474135826772955379423003012634428746461
-4.2309884264023763282462077483033956555996702987866
-4.1507178344674442233829232154763181833746390460035
-4.0705169623573832653569993354278956766615095139403
-3.9903842282864004133821842701022413491366261823366
-3.9103180666759297734320314707297071556529567477437
-3.8303169276745917261827529322392568999133445563318
-3.7503792766898520274734042653988109683670581472494
-3.6705035939309264415736249395841554547766451626841
-3.5906883739624940802116164440345281708657877181125
-3.5109321252687993631091679753849578091136244106052
-3.4312333698277384341228634136542481617705608336183
-3.3515906426945410036771035941608074004212762804215
-3.2720024915946729830990413744927203172602992033408
-3.1924674765255989674250860384069148696894759733231
-3.1129841693670566456874653075619404082014823733233
-3.0335511534995076049414256985058430437936482427217
-2.954167023430440777715465406059028503047203649579
-2.874830384428215991660777818985153312822231215158
-2.795539852163145742704548225246266053606934234072
-2.7162940523555234551047288854208944286877734344225
-2.6370916204303161380576361665846925506846922762587
-2.5579312011782485220791457071597603544115039086219
-2.4788114484230144810651520193820111526906549488321
-2.3997310246943598382619100506236577966548425442559
-2.3206886009067885356659479906328515915357035856453
-2.241682856043651634819446572605161572565539297823
-2.1627124768463857296970387225597162927307375608742
-2.083776157508674105514654862738372664338845134622
-2.0048725993753103860013522090074336671525300938311
-1.9260005106455504902347157257983508079077680888632
-1.8471586060807444819745915909606324943759719155931
-1.7683456067160453521607866172200840242776999395393
-1.6895602395759969407294860562763601686115612024012
-1.6108012373938080882909009522908765035241419251136
-1.5320673383341247219530482619501909666703652075658
-1.4533572857191159324793914052070430987681192600684
-1.3746698277576942012187466488760564690338001452931
-1.2960037172776937934430084838070691820477800485739
-1.2173577114608349579091445967568963866282158722844
-1.138730571580304968127985531455026282536947794553
-1.0601210627407902159627778877635549088420352938316
-0.98152795362079652929409487037159962301881304237024
-0.90295001621709763860312534878082951669669586169939
-0.82438602559115426801963561099994113527873651586436
-0.74583475961734867979659959776916117965531552020474
-0.66729499873288166203444257536751943565349041296555
-0.58876552568918092210343800526831194883861046651357
-0.51024512530467163653106597692144752969443258557141
-0.43173258421876151568055695666400546702149280279201
-0.35322669064689417152695292701184546325545587875995
-0.27472623413652583205792553166156341812266898425017
-0.19623000532388152875734935620817341072558995915414
-0.1177367956913477963955539938175419505041636463933
-0.039245397325359668739134159776215206878960551071887
0.039245397325359668739134159776215206878960551071887
0.1177367956913477963955539938175419505041636463933
0.19623000532388152875734935620817341072558995915414
0.27472623413652583205792553166156341812266898425017
0.35322669064689417152695292701184546325545587875995
0.43173258421876151568055695666400546702149280279201
0.51024512530467163653106597692144752969443258557141
0.58876552568918092210343800526831194883861046651357
0.66729499873288166203444257536751943565349041296555
0.74583475961734867979659959776916117965531552020474
0.82438602559115426801963561099994113527873651586436
0.90295001621709763860312534878082951669669586169939
0.98152795362079652929409487037159962301881304237024
1.0601210627407902159627778877635549088420352938316
1.138730571580304968127985531455026282536947794553
1.2173577114608349579091445967568963866282158722844
1.2960037172776937934430084838070691820477800485739
1.3746698277576942012187466488760564690338001452931
1.4533572857191159324793914052070430987681192600684
1.5320673383341247219530482619501909666703652075658
1.6108012373938080882909009522908765035241419251136
1.6895602395759969407294860562763601686115612024012
1.7683456067160453521607866172200840242776999395393
1.8471586060807444819745915909606324943759719155931
1.9260005106455504902347157257983508079077680888632
2.0048725993753103860013522090074336671525300938311
2.083776157508674105514654862738372664338845134622
2.1627124768463857296970387225597162927307375608742
2.241682856043651634819446572605161572565539297823
2.3206886009067885356659479906328515915357035856453
2.3997310246943598382619100506236577966548425442559
2.4788114484230144810651520193820111526906549488321
2.5579312011782485220791457071597603544115039086219
2.6370916204303161380576361665846925506846922762587
2.7162940523555234551047288854208944286877734344225
2.795539852163145742704548225246266053606934234072
2.874830384428215991660777818985153312822231215158
2.954167023430440777715465406059028503047203649579
3.0335511534995076049414256985058430437936482427217
3.1129841693670566456874653075619404082014823733233
3.1924674765255989674250860384069148696894759733231
3.2720024915946729830990413744927203172602992033408
3.3515906426945410036771035941608074004212762804215
3.4312333698277384341228634136542481617705608336183
3.5109321252687993631091679753849578091136244106052
3.5906883739624940802116164440345281708657877181125
3.6705035939309264415736249395841554547766451626841
3.7503792766898520274734042653988109683670581472494
3.8303169276745917261827529322392568999133445563318
3.9103180666759297734320314707297071556529567477437
3.9903842282864004133821842701022413491366261823366
4.0705169623573832653569993354278956766615095139403
4.1507178344674442233829232154763181833746390460035
4.2309884264023763282462077483033956555996702987866
4.3113303366474135826772955379423003012634428746461
4.391745180892110180929628932138104205294580881439
4.4722345925483981493277930519476877144039991995174
4.5528002232823580028266440969077510496998699509654
4.6334437435602597766333980342806994106653447985911
4.7141668432094557580408366773582627856092500090804
4.7949712319947314928063231510576928074201100815772
4.8758586402107482484842589049747003842449521736175
4.956830819291238165022936791203798131046312753018
5.0378895424356428971481732509039183437788811895234
5.1190366052539177460050439460926741068357335902433
5.2002738264302561880495614156942166355003246112143
5.2816030484065244430041520369485256735890786238886
5.3630261380862323929731125503131004970521935840205
5.4445449875599058927231861910031079162961049658854
5.5261615148527664264724748362380121045613231380167
5.6078776646956673084200086719362906108182534961061
5.689695409320281341872935765907059983778419652567
5.7716167492795832052443598413257016476154355636675
5.8536437142947209942103775039639892200546910913533
5.935778364129425502449773069334151594190349065267
6.0180227894931631669224491782111661549760138029978
6.1003791129742993507515948455015054978061144375444
6.1828494900046030167854048546311243124933844654862
6.2654361098564921046616166088427012985106603157781
6.348141196674491329515467104745146580986325745507
6.4309670105424509578201336188526369811052784095224
6.5139158485881566941016902211408076230063388160293
6.5969900461270474646685069633947901051225008707779
6.6801919778468499707888568297379555569557209106281
6.763524059035036792554106404828126006309119214742
6.8469887468511189760380392443626395897717633758016
6.9305885416458948846503113461476361295112824457617
7.0143259883298951325359935630134410326029987149841
7.0982036777933891760906652673846850600517661305723
7.1822242483804531963703090259761942370576630364517
7.2663903874197418864131294109510827307390157894656
7.3507048328147593427070398320613123735912946412807
7.4351703746965871871866898024125949809253966133232
7.5197898571422021173124047453142793348113225557435
7.6045661799617011694101697419282297266835441651375
7.689502300557952034225592296982311058868212236424
7.7746012358623988181450945202658689061879172366245
7.8598660643509818267134018210302458827063099607478
7.9452999281443744896628547955679874232856937462817
8.0309060351970027926568545225121543800614694801349
8.1166876615795939992303163333392604136010534741002
8.2026481538603036437580625145506254224610159557168
8.2887909315897945118215123046702902046640365647273
8.3751194898959905257011853278813582149911923274727
8.4616374021946042340759813070512080180502707891438
8.5483483230219412872829108989338040195410453033736
8.635255990996921412964671104135248004729261442947
8.7223642319197257966036896376707136856146422468295
8.8096769620149885054845030450615964619976067755213
8.8971981913279980763833716896422816821494685980096
8.9849320272829683712598744054847638609390126801802
9.072882678413079437642769252532647176183505060562
9.1610544582726839749512172940847742368636049015445
9.2494517895428281775037223769439825266178459390839
9.3380792083420528198597446701156619940867793264237
9.426941368755327704613500019362941068981160113639
9.5160430475949369298709076866287644676127251028094
9.6053891494081815505609669907490213613353090888861
9.6949847117479086727269956339166515903976757260928
9.7848349107231213828308034770193339712473807394367
9.874945066848282832271709253099188153574601005347
9.9653206512114121797054985799729977780105245151429
10.055967291982693265588099396379189371833639546002
10.146890781287093785073069690081793309910394604031
10.238097082466440089369541428686155194548418002377
10.329592337758529405708351108512225019714416057406
10.421382876423208404656021584571936145047089444308
10.513475223347928533456778786592370350567523524007
10.605876108168131321925848470576336203659585422464
10.698592474940951417690040893466746631393276183383
10.791631492414185918391481270426754270501589770069
10.885000564936304771229296258407681586652266691693
10.978707344057513068462715084678986742092974165435
11.072759740876572593150267683898147870434010531993
11.167165939193304678004216113933287778686578497834
11.261934409532495271510991606956493945129617307456
11.357073924111381540647683043697467883449748623432
11.45259357283010395379690379058694188614085724179
11.548502780372558083798688996558238051518028456372
11.644811324514090951913430415590660532447661567662
11.741529355742589879061596136088275235080839751918
11.83866741831086054843458367798646538891190942553
11.936236472850962751640993696746176698004329381885
12.034247920695573323529169704751545687214150420096
12.132713630067716364502107992313489568720888696207
12.231645964318621700037715345929925209507706394338
12.331057812414372389705576560018392793848110448631
12.430962621895767063140477666967769292852267369028
12.531374434562907636037604824129226251979417489291
12.632307925166964631669466223515490160504698186241
12.733778443427007215967142523507499444355849577234
12.835802059730469390666696823384417622281740495189
12.938395614922659292456854769247797960974326127542
13.041576774644784027167332724964628459099914469923
13.145364088742553167218514026408359769130698734798
13.249777056340100750435881847001715211098219246629
13.354836197258616308091118386560011183014027996859
13.460563130557992933451085342559778073153547577931
13.566980661095780701530153251479862223778477966876
13.674112875134201302436257194930720778043300966225
13.781985246187147618877234810101987290266159295775
13.890624752490167999200301600989121860814358948921
14.000060007703888533426233189217740571888435603038
14.110321406733235987807321680597913437803289960747
14.221441288871331397954348305895837238501881272025
14.333454120870836030437782099189461686797489650389
14.446396703023115226131658573562466739426023297824
14.560308401907637241202652120328353755633327459692
14.675231414187305464472625429381160768725705095872
14.791211066704616387741304188217024113675470100802
14.908296159223927449524109181219453401669086214174
15.026539357526304738641766844638443558767641163461
15.145997646274491068517161364800374904921513238642
15.266732853232390980240335507213212715477858977425
15.388812259189263237780845550196961532024971771812
15.51230931149902330105353507355943480871507007184
15.637304463769536483114393101658997076215761683984
15.763886170302400454917234719843510407434818102249
15.892152071923455973069323988754407545548933528982
16.022210420622141693257296219985631229206589716041
16.154181805045156681460987588772223421638515083881
16.288201259009147451295808340558543765998945619067
16.424420863278045573841703351702602855657797920765
16.563012990678105996005113081238996895041473353614
16.704174402120006239811262317225653305786852110814
16.848131485745423954204221380323158678420686808793
16.995147058792556043888957863890359365356364389734
17.145529348211573887520538454369468066992191520147
17.29964407752001349809841504939367111574196880974
17.457931097089374318285547398168718705410070256084
17.620927860116603255901886231752401958749868667112
17.78930357834176877946791837856968976002385646569
17.963910743401012558884955603724505652408233986312
18.145866338453979169738007514282060258373631311267
18.336687068269544394912365920408419979367262519694
18.538530981087348556561683747978645112077519604685
18.754671861540110395211955532819549394629544438315
18.990563761638514300539712476124934958920617766547
19.256780997852754243776299727284856654100389435682
19.580970910469746827937664605318988768636066595075
