4.9701478873236210030697103840120216168867435887549e-334
3.28232376622876151287723709619010838502223637031e-323
1.9803486557302830714001016686948758482594934249021e-314
9.7023989426662566730475753883181228729916892150426e-307
9.0172822929072963926383064087601555512751584417182e-300
2.473604912027688664639533346233559367460078228027e-293
2.6170657402570609882261648733036401295579189435963e-287
1.2753423384587390154281636290811076309940353112654e-281
3.2454561813367099007579082392565263341378733416085e-276
4.7328336542526230996941834312195328326023951965932e-271
4.247355823004318043544633967149093472792890186063e-266
2.4813044309893518567726032178419247557501740997538e-261
9.8740617607905864490396226113584975656710875691496e-257
2.7780901149171344911882958171161567777202578230258e-252
5.7008175075871676643759243656986544334691203864356e-248
8.7597693615702437687130514874349192145801937965964e-244
1.0308337864595073788867306498271346268842795519317e-239
9.4727111943899909782397582597472827765563728648746e-236
6.9138036039184552638598289337373458739692504132954e-232
4.0680974097911822556169476386167313470074585590137e-228
1.9553601695877035649048297087894356484895300344003e-224
7.7682906183568054903114780243386943632420777025749e-221
2.5778441001072290069022839135082329089411700871088e-217
7.2132877079047674426506920955352919637097436563236e-214
1.7166226391214756971082236497740852638876746793792e-210
3.5015439995753754563188657729035078844374981333035e-207
6.1654919581570544182951488276479456086140796464517e-204
9.4323082429313618389693484678721532240719086855749e-201
1.2612418142753833727346212590041820144171267849333e-197
1.4821510246372914247844691811902957649269498263628e-194
1.5385156722995065458383961542538304698483636304606e-191
1.4173131243915814009871271321904796901727142210262e-188
1.1637972151311753631668708764129380109134071113645e-185
8.552603857662274702385054070091968252863745233318e-183
5.6464084094753018853054224079628575536845364545633e-180
3.3607409882040470851111371876973752070880810179832e-177
1.8093599074807246242491436276035362086725180055869e-174
8.8387626691799418770114034862973113381283672835326e-172
3.9291877000568217342402854027151072798528972836992e-169
1.5938692811021717404555489843648218134813950315342e-166
5.9151642768985449191984073678293423228829103416727e-164
2.013297130469198510726569152974672928438470020252e-161
6.2991329756770442964543137145312019064186247734014e-159
1.8156700661052628335564898656848844107952359377634e-156
4.8314588486625102710924263465096861958319160557527e-154
1.189216418802508540634994693371343584699185087471e-151
2.7126779266070664750081579119302573223562989210188e-149
5.7446573413773815254811892380141465312117511361306e-147
1.1313461166566137924874773291796654316110039941195e-144
2.075366338053168532168655296214625882705162947354e-142
3.5516667637499805339425059507547226308664844883498e-140
5.6786870184365289353845794797444387635726301115843e-138
8.494812728455890836852322154577109282722377652874e-136
1.1905159477649389571852042948958253305251635247923e-133
1.5651380286875962167620822636791472092243135959456e-131
1.9326052714470479182202114436970520979024807130745e-129
2.2439945039525453689478897164700149956626339438413e-127
2.4529165239720997352249061804915643340156953203228e-125
2.5269736958351916036013822692042844151529753514332e-123
2.4560190774021362819185080416587195423688940659457e-121
2.254313843376596401939930461446948706677812171391e-119
1.9560079869221479951374579481319829750921060852275e-117
1.6058564949138006820755739695945960311550198283906e-115
1.2485733425490549209638912185021487197114803113153e-113
9.2017368231208975695801015277329281397372922249637e-112
6.4333584302809012760110727374551113247018091292637e-110
4.2704030783210776524843433291923506317748747178013e-108
2.6934071096999313173666356982590998805104026256918e-106
1.6153416830946722611927104123283865899987314982798e-104
9.2187552067431991509172268184582684682204576433197e-103
5.009926435879401471478092173612141057954888465163e-101
2.5944018985032011926606557397516578495145538950005e-99
1.281079442252558065814817954783816991782372672811e-97
6.035658713831652408635480851133933298590371754776e-96
2.7148836783401911583177927055159385741233664116374e-94
1.1665825238956435750937582021770530034763019458169e-92
4.7914737241225931387902489258363581902904550182444e-91
1.8821584597527637190237056163083871925764861506305e-89
7.0747864103875877189886714648562480343414140054329e-88
2.5460687661486525652346576430595496508418675509494e-86
8.7770657967621615763766152081738792625150547918846e-85
2.8997948037224920728536928173002900415509254736652e-83
9.1861569937190821560486069018576817187318236362592e-82
2.7915995088243112900555563095467212862253139643047e-80
8.1418518313801559792728323474121413676568465675856e-79
2.2800097818468460783565226204639781060399109412978e-77
6.133111992246989752177678326532995022494426484843e-76
1.5853962037195969285804837339908297812444382651659e-74
3.9398941008359038520802353918782619862382084867916e-73
9.4165838348793721836106499791892714660779195186138e-72
2.1653691399568595331723718091975315347105927181662e-70
4.7925143032896634631825068306173403436194935539247e-69
1.0212842981561431017333292026205752631560738829293e-67
2.0962174785355041202098871912531519177019589853785e-66
4.1455591892984923971251629997687230491743968944942e-65
7.9019405871868021379850502278055426656906399300867e-64
1.4522161009540372077917775840198606896354302321188e-62
2.5740378487524710827029825116331569944961120045128e-61
4.4017018346994102640720175511762962425591792208902e-60
7.2640818021045368312109127225071822795356006747827e-59
1.157242403338232219595270232202471313363155929695e-57
1.7802350417980859771908460872280823109890974593468e-56
2.6452244395084263686648240768419438481731254839345e-55
3.7975163170753475957861978781564746978962929795584e-54
5.2687252853296318201544508251668447107058153988381e-53
7.0663354720685721221916266805400650941713615685266e-52
9.1638293236656727111779156158187437548372163779692e-51
1.1493766084881198747328700272702412281980150059603e-49
1.3946213845096828052055195944702210275454167752131e-48
1.6374285042772743879229143852590012555773413305533e-47
1.8607217571960351187234265990352388982626499343639e-46
2.0469734320149162584181964178793274113685582780645e-45
2.1804742028911520309507823567672480489152090080238e-44
2.2495296138298639371660734923726085845552750211145e-43
2.2481554187150210366553129174045916543806614124026e-42
2.1769301914563295509148561043464165098770368343757e-41
2.0428376029736624270508953911203035643342883137711e-40
1.858146443369845600398989589378564406660317594981e-39
1.6385752578697274593949341977811356561380043852088e-38
1.4011185483613053268604672606357538642603831937405e-37
1.1619440100374530351761018687649705480105472559734e-36
9.3470659902006478209819031815828070334906452491983e-36
7.2949340922467802974885296919267804692828180860727e-35
5.5245614999204764890735306401454597749642005557608e-34
4.0604796872867560090814428211948945134363094238217e-33
2.896883353993763746200803387731843377326761770485e-32
2.0064494780945038556750272948339229507089552225223e-31
1.3493879604963379872440590170619614026517042578157e-30
8.8129861286437995238855720072092173986755482245133e-30
5.590514090763787007676971544966881110972202100042e-29
3.4449749960164963075905734681790287207454748173993e-28
2.0624711284610042041159752998930082638218708801077e-27
1.1998239910613122615008186743034368531372530019817e-26
6.783191149998825983492231458480796712980915427801e-26
3.7273059690868482370524064382272356457275322261425e-25
1.9909336965574325342307306694387326909902290562862e-24
1.0338898945331349262949167145029315377967168127003e-23
5.2203692049645807519768690408696743009360545174324e-23
2.5632444086742661487551794992051610047146832496219e-22
1.224029517313959422097266075541844728489990941447e-21
5.6853450394652792364176141397430389495517140373649e-21
2.56881974121084521012487002650634603635112840223e-20
1.1291975797769524140106092776656648651333932557478e-19
4.8296120481641227090601286468870164631608767265468e-19
2.0100456607211644669597060618624732340924014764272e-18
8.1413276911535332686643133508581002690226126279325e-18
3.2093964350336499863401129725267511478664268269142e-17
1.2314943685293909529466496114848476495380486806106e-16
4.6000600081829392081768813309369596027473144269375e-16
1.6728484751351192684277467297179652619986738458985e-15
5.9231233619956981728492259260280630499908692578181e-15
2.0421330954003388498436139240501481158282220554059e-14
6.8563574028603112375814154585497135227978378417384e-14
2.2418939784045253395439771305096389100200704140551e-13
7.1397669923247673906102978618890643117093668925524e-13
2.2148001439559445094952353971951091701842702815939e-12
6.6926767581486982540880045583762889910704378258329e-12
1.9702090767522640858045288426971028798684405107824e-11
5.6507149223210940130769742786334283550549329620198e-11
1.5790783146015924655596137327800322649981724278168e-10
4.2997462831419166126868991925029882923090693160386e-10
1.1409056105814089858327689649966722231432905903101e-9
2.9502058098782803293461143446264289719644274941189e-9
7.4349451672545807201800533094260641886125610119024e-9
1.8262170782174950080519930008905813243289158159165e-8
4.3722169100451644773785323167789604840909653618442e-8
1.020352786065062870714316161242279676667523246875e-7
2.3212517772105431081423109092708178206711001884252e-7
5.1480229604952340008934898017491177872586654995926e-7
1.113082463360047004317055892403942904158751748777e-6
2.3464125741763493872397243945653156818309481966084e-6
4.8227233534282807404180964438881300188293808566181e-6
9.6652092998435989781148472229478167922741511120481e-6
0.000018887756156440855977081275283926110054325413583435
0.000035993010055498877126689115530836595657993425700361
0.00006688710971769863265968711375258550077919326717463
0.00012121885743274698583704004409934283393372738624843
0.0002142484762375688314294041137509385903656335505792
0.00036931817505739100034563142957636817745617638195678
0.00062091745884856728729453174735141026564274551345462
0.0010181961981534901415837623186380694078132521309425
0.0016285718803429672448400860925188810452986169572647
0.0025408147654522675145611618178967817928419865846726
0.0038667112675950409705191942747137711005366157133777
0.005740166795439873795122898548643998300998975871718
0.0083125062143518225735557479883690779324582944937688
0.011742867096625813500733251200765240282444432742306
0.016183047469419014918043948207369070664724126739646
0.021757004421082301520481497544782858750162911096489
0.028536353498919097979323296624311025581555375709126
0.036514530359326066525301902335735491623695480955692
0.045583476193516914997353739093950742777596758406316
0.055517459903844726269588480280477170456364791319711
0.065968625759586203755117105832035126151315226750961
0.076477838560985554309165707145644845504906360025027
0.086502377755243391184865561072478866827684085208594
0.09545925699209226093796208229120283774829611737533
0.10277991417114103154030658226258074651062253895731
0.10796938358138957606885323276920829686209083570771
0.11066148114987048005950446535490629004003563739484
0.11066148114987048005950446535490629004003563739484
0.10796938358138957606885323276920829686209083570771
0.10277991417114103154030658226258074651062253895731
0.09545925699209226093796208229120283774829611737533
0.086502377755243391184865561072478866827684085208594
0.076477838560985554309165707145644845504906360025027
0.065968625759586203755117105832035126151315226750961
0.055517459903844726269588480280477170456364791319711
0.045583476193516914997353739093950742777596758406316
0.036514530359326066525301902335735491623695480955692
0.028536353498919097979323296624311025581555375709126
0.021757004421082301520481497544782858750162911096489
0.016183047469419014918043948207369070664724126739646
0.011742867096625813500733251200765240282444432742306
0.0083125062143518225735557479883690779324582944937688
0.005740166795439873795122898548643998300998975871718
0.0038667112675950409705191942747137711005366157133777
0.0025408147654522675145611618178967817928419865846726
0.0016285718803429672448400860925188810452986169572647
0.0010181961981534901415837623186380694078132521309425
0.00062091745884856728729453174735141026564274551345462
0.00036931817505739100034563142957636817745617638195678
0.0002142484762375688314294041137509385903656335505792
0.00012121885743274698583704004409934283393372738624843
0.00006688710971769863265968711375258550077919326717463
0.000035993010055498877126689115530836595657993425700361
0.000018887756156440855977081275283926110054325413583435
9.6652092998435989781148472229478167922741511120481e-6
4.8227233534282807404180964438881300188293808566181e-6
2.3464125741763493872397243945653156818309481966084e-6
1.113082463360047004317055892403942904158751748777e-6
5.1480229604952340008934898017491177872586654995926e-7
2.3212517772105431081423109092708178206711001884252e-7
1.020352786065062870714316161242279676667523246875e-7
4.3722169100451644773785323167789604840909653618442e-8
1.8262170782174950080519930008905813243289158159165e-8
7.4349451672545807201800533094260641886125610119024e-9
2.9502058098782803293461143446264289719644274941189e-9
1.1409056105814089858327689649966722231432905903101e-9
4.2997462831419166126868991925029882923090693160386e-10
1.5790783146015924655596137327800322649981724278168e-10
5.6507149223210940130769742786334283550549329620198e-11
1.9702090767522640858045288426971028798684405107824e-11
6.6926767581486982540880045583762889910704378258329e-12
2.2148001439559445094952353971951091701842702815939e-12
7.1397669923247673906102978618890643117093668925524e-13
2.2418939784045253395439771305096389100200704140551e-13
6.8563574028603112375814154585497135227978378417384e-14
2.0421330954003388498436139240501481158282220554059e-14
5.9231233619956981728492259260280630499908692578181e-15
1.6728484751351192684277467297179652619986738458985e-15
4.6000600081829392081768813309369596027473144269375e-16
1.2314943685293909529466496114848476495380486806106e-16
3.2093964350336499863401129725267511478664268269142e-17
8.1413276911535332686643133508581002690226126279325e-18
2.0100456607211644669597060618624732340924014764272e-18
4.8296120481641227090601286468870164631608767265468e-19
1.1291975797769524140106092776656648651333932557478e-19
2.56881974121084521012487002650634603635112840223e-20
5.6853450394652792364176141397430389495517140373649e-21
1.224029517313959422097266075541844728489990941447e-21
2.5632444086742661487551794992051610047146832496219e-22
5.2203692049645807519768690408696743009360545174324e-23
1.0338898945331349262949167145029315377967168127003e-23
1.9909336965574325342307306694387326909902290562862e-24
3.7273059690868482370524064382272356457275322261425e-25
6.783191149998825983492231458480796712980915427801e-26
1.1998239910613122615008186743034368531372530019817e-26
2.0624711284610042041159752998930082638218708801077e-27
3.4449749960164963075905734681790287207454748173993e-28
5.590514090763787007676971544966881110972202100042e-29
8.8129861286437995238855720072092173986755482245133e-30
1.3493879604963379872440590170619614026517042578157e-30
2.0064494780945038556750272948339229507089552225223e-31
2.896883353993763746200803387731843377326761770485e-32
4.0604796872867560090814428211948945134363094238217e-33
5.5245614999204764890735306401454597749642005557608e-34
7.2949340922467802974885296919267804692828180860727e-35
9.3470659902006478209819031815828070334906452491983e-36
1.1619440100374530351761018687649705480105472559734e-36
1.4011185483613053268604672606357538642603831937405e-37
1.6385752578697274593949341977811356561380043852088e-38
1.858146443369845600398989589378564406660317594981e-39
2.0428376029736624270508953911203035643342883137711e-40
2.1769301914563295509148561043464165098770368343757e-41
2.2481554187150210366553129174045916543806614124026e-42
2.2495296138298639371660734923726085845552750211145e-43
2.1804742028911520309507823567672480489152090080238e-44
2.0469734320149162584181964178793274113685582780645e-45
1.8607217571960351187234265990352388982626499343639e-46
1.6374285042772743879229143852590012555773413305533e-47
1.3946213845096828052055195944702210275454167752131e-48
1.1493766084881198747328700272702412281980150059603e-49
9.1638293236656727111779156158187437548372163779692e-51
7.0663354720685721221916266805400650941713615685266e-52
5.2687252853296318201544508251668447107058153988381e-53
3.7975163170753475957861978781564746978962929795584e-54
2.6452244395084263686648240768419438481731254839345e-55
1.7802350417980859771908460872280823109890974593468e-56
1.157242403338232219595270232202471313363155929695e-57
7.2640818021045368312109127225071822795356006747827e-59
4.4017018346994102640720175511762962425591792208902e-60
2.5740378487524710827029825116331569944961120045128e-61
1.4522161009540372077917775840198606896354302321188e-62
7.9019405871868021379850502278055426656906399300867e-64
4.1455591892984923971251629997687230491743968944942e-65
2.0962174785355041202098871912531519177019589853785e-66
1.0212842981561431017333292026205752631560738829293e-67
4.7925143032896634631825068306173403436194935539247e-69
2.1653691399568595331723718091975315347105927181662e-70
9.4165838348793721836106499791892714660779195186138e-72
3.9398941008359038520802353918782619862382084867916e-73
1.5853962037195969285804837339908297812444382651659e-74
6.133111992246989752177678326532995022494426484843e-76
2.2800097818468460783565226204639781060399109412978e-77
8.1418518313801559792728323474121413676568465675856e-79
2.7915995088243112900555563095467212862253139643047e-80
9.1861569937190821560486069018576817187318236362592e-82
2.8997948037224920728536928173002900415509254736652e-83
8.7770657967621615763766152081738792625150547918846e-85
2.5460687661486525652346576430595496508418675509494e-86
7.0747864103875877189886714648562480343414140054329e-88
1.8821584597527637190237056163083871925764861506305e-89
4.7914737241225931387902489258363581902904550182444e-91
1.1665825238956435750937582021770530034763019458169e-92
2.7148836783401911583177927055159385741233664116374e-94
6.035658713831652408635480851133933298590371754776e-96
1.281079442252558065814817954783816991782372672811e-97
2.5944018985032011926606557397516578495145538950005e-99
5.009926435879401471478092173612141057954888465163e-101
9.2187552067431991509172268184582684682204576433197e-103
1.6153416830946722611927104123283865899987314982798e-104
2.6934071096999313173666356982590998805104026256918e-106
4.2704030783210776524843433291923506317748747178013e-108
6.4333584302809012760110727374551113247018091292637e-110
9.2017368231208975695801015277329281397372922249637e-112
1.2485733425490549209638912185021487197114803113153e-113
1.6058564949138006820755739695945960311550198283906e-115
1.9560079869221479951374579481319829750921060852275e-117
2.254313843376596401939930461446948706677812171391e-119
2.4560190774021362819185080416587195423688940659457e-121
2.5269736958351916036013822692042844151529753514332e-123
2.4529165239720997352249061804915643340156953203228e-125
2.2439945039525453689478897164700149956626339438413e-127
1.9326052714470479182202114436970520979024807130745e-129
1.5651380286875962167620822636791472092243135959456e-131
1.1905159477649389571852042948958253305251635247923e-133
8.494812728455890836852322154577109282722377652874e-136
5.6786870184365289353845794797444387635726301115843e-138
3.5516667637499805339425059507547226308664844883498e-140
2.075366338053168532168655296214625882705162947354e-142
1.1313461166566137924874773291796654316110039941195e-144
5.7446573413773815254811892380141465312117511361306e-147
2.7126779266070664750081579119302573223562989210188e-149
1.189216418802508540634994693371343584699185087471e-151
4.8314588486625102710924263465096861958319160557527e-154
1.8156700661052628335564898656848844107952359377634e-156
6.2991329756770442964543137145312019064186247734014e-159
2.013297130469198510726569152974672928438470020252e-161
5.9151642768985449191984073678293423228829103416727e-164
1.5938692811021717404555489843648218134813950315342e-166
3.9291877000568217342402854027151072798528972836992e-169
8.8387626691799418770114034862973113381283672835326e-172
1.8093599074807246242491436276035362086725180055869e-174
3.3607409882040470851111371876973752070880810179832e-177
5.6464084094753018853054224079628575536845364545633e-180
8.552603857662274702385054070091968252863745233318e-183
1.1637972151311753631668708764129380109134071113645e-185
1.4173131243915814009871271321904796901727142210262e-188
1.5385156722995065458383961542538304698483636304606e-191
1.4821510246372914247844691811902957649269498263628e-194
1.2612418142753833727346212590041820144171267849333e-197
9.4323082429313618389693484678721532240719086855749e-201
6.1654919581570544182951488276479456086140796464517e-204
3.5015439995753754563188657729035078844374981333035e-207
1.7166226391214756971082236497740852638876746793792e-210
7.2132877079047674426506920955352919637097436563236e-214
2.5778441001072290069022839135082329089411700871088e-217
7.7682906183568054903114780243386943632420777025749e-221
1.9553601695877035649048297087894356484895300344003e-224
4.0680974097911822556169476386167313470074585590137e-228
6.9138036039184552638598289337373458739692504132954e-232
9.4727111943899909782397582597472827765563728648746e-236
1.0308337864595073788867306498271346268842795519317e-239
8.7597693615702437687130514874349192145801937965964e-244
5.7008175075871676643759243656986544334691203864356e-248
2.7780901149171344911882958171161567777202578230258e-252
9.8740617607905864490396226113584975656710875691496e-257
2.4813044309893518567726032178419247557501740997538e-261
4.247355823004318043544633967149093472792890186063e-266
4.7328336542526230996941834312195328326023951965932e-271
3.2454561813367099007579082392565263341378733416085e-276
1.2753423384587390154281636290811076309940353112654e-281
2.6170657402570609882261648733036401295579189435963e-287
2.473604912027688664639533346233559367460078228027e-293
9.0172822929072963926383064087601555512751584417182e-300
9.7023989426662566730475753883181228729916892150426e-307
1.9803486557302830714001016686948758482594934249021e-314
3.28232376622876151287723709619010838502223637031e-323
4.9701478873236210030697103840120216168867435887549e-334
